{"sample_id": "c391d83a_stereo_camera_front_left_1775542417860283000", "session_id": "c391d83a-2958-40b6-a637-7f963e64f07f", "rig_id": "front", "camera_id": "left", "camera_name": "stereo_camera_front_left", "frame_id": "1775542417860283000", "timestamp": 1775542417.860283, "rgb_path": "/mnt/data/data/calder/output/dev_sessions/c391d83a-2958-40b6-a637-7f963e64f07f/nurec_run1/pycusfm_input/stereo_camera_front_left/1775542417860283000.jpeg", "gt_depth_path": "/mnt/data/data/calder/output/dev_sessions/c391d83a-2958-40b6-a637-7f963e64f07f/nurec_run1/depth/stereo_camera_front_left/1775542417860283000.png", "foundation_depth_path": null, "valid_mask_path": null, "confidence_path": null, "K": [[746.247802734375, 0.0, 945.3109741210938], [0.0, 746.247802734375, 544.086181640625], [0.0, 0.0, 1.0]], "world_T_cam": [[-0.00788868317803526, -0.06767593894729967, 0.9976761678848092, 0.10097485182466737], [-0.9994605409890756, -0.03127523540510424, -0.01002430327653514, 0.059088376335056675], [0.03188096114519162, -0.9972170410386881, -0.06739271012878245, -0.005288268835139203], [0.0, 0.0, 0.0, 1.0]], "body_T_cam": [[-0.015507991007583155, -0.010666134427397278, 0.9998228522049721, 0.10241018892838313], [-0.9998472987259444, -0.00788998750282588, -0.015592540769150065, 0.05666027550426788], [0.008054901944845427, -0.9999119869636438, -0.01054214783983709, -0.006303469581055252], [0.0, 0.0, 0.0, 1.0]], "neighbors": []}
{"sample_id": "c391d83a_stereo_camera_front_left_1775542418327016000", "session_id": "c391d83a-2958-40b6-a637-7f963e64f07f", "rig_id": "front", "camera_id": "left", "camera_name": "stereo_camera_front_left", "frame_id": "1775542418327016000", "timestamp": 1775542418.327016, "rgb_path": "/mnt/data/data/calder/output/dev_sessions/c391d83a-2958-40b6-a637-7f963e64f07f/nurec_run1/pycusfm_input/stereo_camera_front_left/1775542418327016000.jpeg", "gt_depth_path": "/mnt/data/data/calder/output/dev_sessions/c391d83a-2958-40b6-a637-7f963e64f07f/nurec_run1/depth/stereo_camera_front_left/1775542418327016000.png", "foundation_depth_path": null, "valid_mask_path": null, "confidence_path": null, "K": [[746.247802734375, 0.0, 945.3109741210938], [0.0, 746.247802734375, 544.086181640625], [0.0, 0.0, 1.0]], "world_T_cam": [[-0.019853673728987276, -0.030798133023999252, 0.9993284278162505, 0.09823545041560515], [-0.998808654114806, -0.04395360674485327, -0.021197946114860255, 0.047266657468667234], [0.04457694588946903, -0.9985587391117033, -0.029888801227424877, 0.09893249505167422], [0.0, 0.0, 0.0, 1.0]], "body_T_cam": [[-0.015507991007583155, -0.010666134427397278, 0.9998228522049721, 0.10241018892838313], [-0.9998472987259444, -0.00788998750282588, -0.015592540769150065, 0.05666027550426788], [0.008054901944845427, -0.9999119869636438, -0.01054214783983709, -0.006303469581055252], [0.0, 0.0, 0.0, 1.0]], "neighbors": []}
{"sample_id": "c391d83a_stereo_camera_front_left_1775542418860465000", "session_id": "c391d83a-2958-40b6-a637-7f963e64f07f", "rig_id": "front", "camera_id": "left", "camera_name": "stereo_camera_front_left", "frame_id": "1775542418860465000", "timestamp": 1775542418.860465, "rgb_path": "/mnt/data/data/calder/output/dev_sessions/c391d83a-2958-40b6-a637-7f963e64f07f/nurec_run1/pycusfm_input/stereo_camera_front_left/1775542418860465000.jpeg", "gt_depth_path": "/mnt/data/data/calder/output/dev_sessions/c391d83a-2958-40b6-a637-7f963e64f07f/nurec_run1/depth/stereo_camera_front_left/1775542418860465000.png", "foundation_depth_path": null, "valid_mask_path": null, "confidence_path": null, "K": [[746.247802734375, 0.0, 945.3109741210938], [0.0, 746.247802734375, 544.086181640625], [0.0, 0.0, 1.0]], "world_T_cam": [[-0.03605944243937598, -0.03227768742059356, 0.998828247250617, 0.09808562502611651], [-0.9989856053308656, -0.025811003291885348, -0.03689922019217118, 0.02950041778300365], [0.026971780673240242, -0.9991456065078026, -0.03131421471903584, 0.3154930989105031], [0.0, 0.0, 0.0, 1.0]], "body_T_cam": [[-0.015507991007583155, -0.010666134427397278, 0.9998228522049721, 0.10241018892838313], [-0.9998472987259444, -0.00788998750282588, -0.015592540769150065, 0.05666027550426788], [0.008054901944845427, -0.9999119869636438, -0.01054214783983709, -0.006303469581055252], [0.0, 0.0, 0.0, 1.0]], "neighbors": []}
{"sample_id": "c391d83a_stereo_camera_front_left_1775542419093817000", "session_id": "c391d83a-2958-40b6-a637-7f963e64f07f", "rig_id": "front", "camera_id": "left", "camera_name": "stereo_camera_front_left", "frame_id": "1775542419093817000", "timestamp": 1775542419.093817, "rgb_path": "/mnt/data/data/calder/output/dev_sessions/c391d83a-2958-40b6-a637-7f963e64f07f/nurec_run1/pycusfm_input/stereo_camera_front_left/1775542419093817000.jpeg", "gt_depth_path": "/mnt/data/data/calder/output/dev_sessions/c391d83a-2958-40b6-a637-7f963e64f07f/nurec_run1/depth/stereo_camera_front_left/1775542419093817000.png", "foundation_depth_path": null, "valid_mask_path": null, "confidence_path": null, "K": [[746.247802734375, 0.0, 945.3109741210938], [0.0, 746.247802734375, 544.086181640625], [0.0, 0.0, 1.0]], "world_T_cam": [[-0.04806195475957842, -0.05470434927623774, 0.9973452174021549, 0.11563060631538495], [-0.9985660978106754, -0.020935688284234977, -0.049269110599094446, 0.010674868474969096], [0.023575343218046496, -0.998283091676068, -0.05361969848686754, 0.4208357211726483], [0.0, 0.0, 0.0, 1.0]], "body_T_cam": [[-0.015507991007583155, -0.010666134427397278, 0.9998228522049721, 0.10241018892838313], [-0.9998472987259444, -0.00788998750282588, -0.015592540769150065, 0.05666027550426788], [0.008054901944845427, -0.9999119869636438, -0.01054214783983709, -0.006303469581055252], [0.0, 0.0, 0.0, 1.0]], "neighbors": []}
{"sample_id": "c391d83a_stereo_camera_front_left_1775542419527242000", "session_id": "c391d83a-2958-40b6-a637-7f963e64f07f", "rig_id": "front", "camera_id": "left", "camera_name": "stereo_camera_front_left", "frame_id": "1775542419527242000", "timestamp": 1775542419.527242, "rgb_path": "/mnt/data/data/calder/output/dev_sessions/c391d83a-2958-40b6-a637-7f963e64f07f/nurec_run1/pycusfm_input/stereo_camera_front_left/1775542419527242000.jpeg", "gt_depth_path": "/mnt/data/data/calder/output/dev_sessions/c391d83a-2958-40b6-a637-7f963e64f07f/nurec_run1/depth/stereo_camera_front_left/1775542419527242000.png", "foundation_depth_path": null, "valid_mask_path": null, "confidence_path": null, "K": [[746.247802734375, 0.0, 945.3109741210938], [0.0, 746.247802734375, 544.086181640625], [0.0, 0.0, 1.0]], "world_T_cam": [[-0.06293382032900185, -0.08367833267007102, 0.994503529858167, 0.17491193253883475], [-0.9972773814251492, -0.033101818651255166, -0.06589456805972133, -0.017142592654148206], [0.03843382308065024, -0.995942872981948, -0.08136728457966946, 0.6135440459391073], [0.0, 0.0, 0.0, 1.0]], "body_T_cam": [[-0.015507991007583155, -0.010666134427397278, 0.9998228522049721, 0.10241018892838313], [-0.9998472987259444, -0.00788998750282588, -0.015592540769150065, 0.05666027550426788], [0.008054901944845427, -0.9999119869636438, -0.01054214783983709, -0.006303469581055252], [0.0, 0.0, 0.0, 1.0]], "neighbors": []}
{"sample_id": "c391d83a_stereo_camera_front_left_1775542419793939000", "session_id": "c391d83a-2958-40b6-a637-7f963e64f07f", "rig_id": "front", "camera_id": "left", "camera_name": "stereo_camera_front_left", "frame_id": "1775542419793939000", "timestamp": 1775542419.793939, "rgb_path": "/mnt/data/data/calder/output/dev_sessions/c391d83a-2958-40b6-a637-7f963e64f07f/nurec_run1/pycusfm_input/stereo_camera_front_left/1775542419793939000.jpeg", "gt_depth_path": "/mnt/data/data/calder/output/dev_sessions/c391d83a-2958-40b6-a637-7f963e64f07f/nurec_run1/depth/stereo_camera_front_left/1775542419793939000.png", "foundation_depth_path": null, "valid_mask_path": null, "confidence_path": null, "K": [[746.247802734375, 0.0, 945.3109741210938], [0.0, 746.247802734375, 544.086181640625], [0.0, 0.0, 1.0]], "world_T_cam": [[-0.059113331741612374, -0.030276448857990468, 0.997792037778893, 0.23959461261236162], [-0.9974044304687986, -0.03937151932011973, -0.06028503585167183, -0.01974094453890802], [0.04110980529773889, -0.9987658484905135, -0.02787048254707991, 0.6993653628540349], [0.0, 0.0, 0.0, 1.0]], "body_T_cam": [[-0.015507991007583155, -0.010666134427397278, 0.9998228522049721, 0.10241018892838313], [-0.9998472987259444, -0.00788998750282588, -0.015592540769150065, 0.05666027550426788], [0.008054901944845427, -0.9999119869636438, -0.01054214783983709, -0.006303469581055252], [0.0, 0.0, 0.0, 1.0]], "neighbors": []}
{"sample_id": "c391d83a_stereo_camera_front_left_1775542419993934000", "session_id": "c391d83a-2958-40b6-a637-7f963e64f07f", "rig_id": "front", "camera_id": "left", "camera_name": "stereo_camera_front_left", "frame_id": "1775542419993934000", "timestamp": 1775542419.993934, "rgb_path": "/mnt/data/data/calder/output/dev_sessions/c391d83a-2958-40b6-a637-7f963e64f07f/nurec_run1/pycusfm_input/stereo_camera_front_left/1775542419993934000.jpeg", "gt_depth_path": "/mnt/data/data/calder/output/dev_sessions/c391d83a-2958-40b6-a637-7f963e64f07f/nurec_run1/depth/stereo_camera_front_left/1775542419993934000.png", "foundation_depth_path": null, "valid_mask_path": null, "confidence_path": null, "K": [[746.247802734375, 0.0, 945.3109741210938], [0.0, 746.247802734375, 544.086181640625], [0.0, 0.0, 1.0]], "world_T_cam": [[-0.06657194500300245, 0.021953491466020825, 0.9975400845835561, 0.3050925909813871], [-0.9970459172166501, -0.03984899986879398, -0.06566198421511099, -0.020853755628496326], [0.038309464889578426, -0.9989645145959432, 0.02454146446253669, 0.7334939295993288], [0.0, 0.0, 0.0, 1.0]], "body_T_cam": [[-0.015507991007583155, -0.010666134427397278, 0.9998228522049721, 0.10241018892838313], [-0.9998472987259444, -0.00788998750282588, -0.015592540769150065, 0.05666027550426788], [0.008054901944845427, -0.9999119869636438, -0.01054214783983709, -0.006303469581055252], [0.0, 0.0, 0.0, 1.0]], "neighbors": []}
{"sample_id": "c391d83a_stereo_camera_front_left_1775542420960744000", "session_id": "c391d83a-2958-40b6-a637-7f963e64f07f", "rig_id": "front", "camera_id": "left", "camera_name": "stereo_camera_front_left", "frame_id": "1775542420960744000", "timestamp": 1775542420.960744, "rgb_path": "/mnt/data/data/calder/output/dev_sessions/c391d83a-2958-40b6-a637-7f963e64f07f/nurec_run1/pycusfm_input/stereo_camera_front_left/1775542420960744000.jpeg", "gt_depth_path": "/mnt/data/data/calder/output/dev_sessions/c391d83a-2958-40b6-a637-7f963e64f07f/nurec_run1/depth/stereo_camera_front_left/1775542420960744000.png", "foundation_depth_path": null, "valid_mask_path": null, "confidence_path": null, "K": [[746.247802734375, 0.0, 945.3109741210938], [0.0, 746.247802734375, 544.086181640625], [0.0, 0.0, 1.0]], "world_T_cam": [[-0.1546680612882827, 0.07663547728216158, 0.9849897433166802, 0.6216193570441413], [-0.9868772426590569, -0.058787609532833685, -0.15039057446220627, -0.08104660580948002], [0.04637993897129766, -0.995324580519918, 0.08472237410429662, 0.7708893722258338], [0.0, 0.0, 0.0, 1.0]], "body_T_cam": [[-0.015507991007583155, -0.010666134427397278, 0.9998228522049721, 0.10241018892838313], [-0.9998472987259444, -0.00788998750282588, -0.015592540769150065, 0.05666027550426788], [0.008054901944845427, -0.9999119869636438, -0.01054214783983709, -0.006303469581055252], [0.0, 0.0, 0.0, 1.0]], "neighbors": []}
{"sample_id": "c391d83a_stereo_camera_front_left_1775542421227434000", "session_id": "c391d83a-2958-40b6-a637-7f963e64f07f", "rig_id": "front", "camera_id": "left", "camera_name": "stereo_camera_front_left", "frame_id": "1775542421227434000", "timestamp": 1775542421.227434, "rgb_path": "/mnt/data/data/calder/output/dev_sessions/c391d83a-2958-40b6-a637-7f963e64f07f/nurec_run1/pycusfm_input/stereo_camera_front_left/1775542421227434000.jpeg", "gt_depth_path": "/mnt/data/data/calder/output/dev_sessions/c391d83a-2958-40b6-a637-7f963e64f07f/nurec_run1/depth/stereo_camera_front_left/1775542421227434000.png", "foundation_depth_path": null, "valid_mask_path": null, "confidence_path": null, "K": [[746.247802734375, 0.0, 945.3109741210938], [0.0, 746.247802734375, 544.086181640625], [0.0, 0.0, 1.0]], "world_T_cam": [[-0.1443728989546456, 0.05414814608373869, 0.9880407098511306, 0.7151697967029019], [-0.9892041620667655, -0.03325726233741111, -0.14272028675562926, -0.12865492074293308], [0.025131490151204305, -0.9979789240146884, 0.058365018849181105, 0.7596394174787364], [0.0, 0.0, 0.0, 1.0]], "body_T_cam": [[-0.015507991007583155, -0.010666134427397278, 0.9998228522049721, 0.10241018892838313], [-0.9998472987259444, -0.00788998750282588, -0.015592540769150065, 0.05666027550426788], [0.008054901944845427, -0.9999119869636438, -0.01054214783983709, -0.006303469581055252], [0.0, 0.0, 0.0, 1.0]], "neighbors": []}
{"sample_id": "c391d83a_stereo_camera_front_left_1775542421460854000", "session_id": "c391d83a-2958-40b6-a637-7f963e64f07f", "rig_id": "front", "camera_id": "left", "camera_name": "stereo_camera_front_left", "frame_id": "1775542421460854000", "timestamp": 1775542421.460854, "rgb_path": "/mnt/data/data/calder/output/dev_sessions/c391d83a-2958-40b6-a637-7f963e64f07f/nurec_run1/pycusfm_input/stereo_camera_front_left/1775542421460854000.jpeg", "gt_depth_path": "/mnt/data/data/calder/output/dev_sessions/c391d83a-2958-40b6-a637-7f963e64f07f/nurec_run1/depth/stereo_camera_front_left/1775542421460854000.png", "foundation_depth_path": null, "valid_mask_path": null, "confidence_path": null, "K": [[746.247802734375, 0.0, 945.3109741210938], [0.0, 746.247802734375, 544.086181640625], [0.0, 0.0, 1.0]], "world_T_cam": [[-0.13810931837715523, 0.035202395006483034, 0.9897911939208216, 0.8021065965165274], [-0.9901343013938313, -0.02878308157752074, -0.137133509465235, -0.18289291840214705], [0.023661812710514263, -0.9989656278374694, 0.0388303105645994, 0.7599234581947366], [0.0, 0.0, 0.0, 1.0]], "body_T_cam": [[-0.015507991007583155, -0.010666134427397278, 0.9998228522049721, 0.10241018892838313], [-0.9998472987259444, -0.00788998750282588, -0.015592540769150065, 0.05666027550426788], [0.008054901944845427, -0.9999119869636438, -0.01054214783983709, -0.006303469581055252], [0.0, 0.0, 0.0, 1.0]], "neighbors": []}
{"sample_id": "c391d83a_stereo_camera_front_left_1775542421727559000", "session_id": "c391d83a-2958-40b6-a637-7f963e64f07f", "rig_id": "front", "camera_id": "left", "camera_name": "stereo_camera_front_left", "frame_id": "1775542421727559000", "timestamp": 1775542421.727559, "rgb_path": "/mnt/data/data/calder/output/dev_sessions/c391d83a-2958-40b6-a637-7f963e64f07f/nurec_run1/pycusfm_input/stereo_camera_front_left/1775542421727559000.jpeg", "gt_depth_path": "/mnt/data/data/calder/output/dev_sessions/c391d83a-2958-40b6-a637-7f963e64f07f/nurec_run1/depth/stereo_camera_front_left/1775542421727559000.png", "foundation_depth_path": null, "valid_mask_path": null, "confidence_path": null, "K": [[746.247802734375, 0.0, 945.3109741210938], [0.0, 746.247802734375, 544.086181640625], [0.0, 0.0, 1.0]], "world_T_cam": [[-0.1127950521698815, 0.07125349755399396, 0.9910601471617739, 0.891264850990632], [-0.9935494243121894, -0.019829827125196986, -0.11165267307638549, -0.23152086914315306], [0.01169690792094541, -0.9972611077558916, 0.07303057786010736, 0.7818871261031065], [0.0, 0.0, 0.0, 1.0]], "body_T_cam": [[-0.015507991007583155, -0.010666134427397278, 0.9998228522049721, 0.10241018892838313], [-0.9998472987259444, -0.00788998750282588, -0.015592540769150065, 0.05666027550426788], [0.008054901944845427, -0.9999119869636438, -0.01054214783983709, -0.006303469581055252], [0.0, 0.0, 0.0, 1.0]], "neighbors": []}
{"sample_id": "c391d83a_stereo_camera_front_left_1775542422361002000", "session_id": "c391d83a-2958-40b6-a637-7f963e64f07f", "rig_id": "front", "camera_id": "left", "camera_name": "stereo_camera_front_left", "frame_id": "1775542422361002000", "timestamp": 1775542422.361002, "rgb_path": "/mnt/data/data/calder/output/dev_sessions/c391d83a-2958-40b6-a637-7f963e64f07f/nurec_run1/pycusfm_input/stereo_camera_front_left/1775542422361002000.jpeg", "gt_depth_path": "/mnt/data/data/calder/output/dev_sessions/c391d83a-2958-40b6-a637-7f963e64f07f/nurec_run1/depth/stereo_camera_front_left/1775542422361002000.png", "foundation_depth_path": null, "valid_mask_path": null, "confidence_path": null, "K": [[746.247802734375, 0.0, 945.3109741210938], [0.0, 746.247802734375, 544.086181640625], [0.0, 0.0, 1.0]], "world_T_cam": [[-0.1251780174628484, 0.07223272969837846, 0.989501337393938, 1.0822405740556564], [-0.9921338686565013, -0.010040760570268925, -0.12477808217733993, -0.3219497017943057], [0.0009222845305356664, -0.9973372628592054, 0.072921420061277, 0.7756353963089708], [0.0, 0.0, 0.0, 1.0]], "body_T_cam": [[-0.015507991007583155, -0.010666134427397278, 0.9998228522049721, 0.10241018892838313], [-0.9998472987259444, -0.00788998750282588, -0.015592540769150065, 0.05666027550426788], [0.008054901944845427, -0.9999119869636438, -0.01054214783983709, -0.006303469581055252], [0.0, 0.0, 0.0, 1.0]], "neighbors": []}
{"sample_id": "c391d83a_stereo_camera_front_left_1775542422694392000", "session_id": "c391d83a-2958-40b6-a637-7f963e64f07f", "rig_id": "front", "camera_id": "left", "camera_name": "stereo_camera_front_left", "frame_id": "1775542422694392000", "timestamp": 1775542422.694392, "rgb_path": "/mnt/data/data/calder/output/dev_sessions/c391d83a-2958-40b6-a637-7f963e64f07f/nurec_run1/pycusfm_input/stereo_camera_front_left/1775542422694392000.jpeg", "gt_depth_path": "/mnt/data/data/calder/output/dev_sessions/c391d83a-2958-40b6-a637-7f963e64f07f/nurec_run1/depth/stereo_camera_front_left/1775542422694392000.png", "foundation_depth_path": null, "valid_mask_path": null, "confidence_path": null, "K": [[746.247802734375, 0.0, 945.3109741210938], [0.0, 746.247802734375, 544.086181640625], [0.0, 0.0, 1.0]], "world_T_cam": [[-0.13562038325985898, 0.09234034756504245, 0.9864483624883851, 1.1960803440991148], [-0.9905041090307325, -0.03530283837379067, -0.13287332161118387, -0.3457532775848741], [0.02255485840531951, -0.9951014871933019, 0.09625127816291501, 0.7927386222307155], [0.0, 0.0, 0.0, 1.0]], "body_T_cam": [[-0.015507991007583155, -0.010666134427397278, 0.9998228522049721, 0.10241018892838313], [-0.9998472987259444, -0.00788998750282588, -0.015592540769150065, 0.05666027550426788], [0.008054901944845427, -0.9999119869636438, -0.01054214783983709, -0.006303469581055252], [0.0, 0.0, 0.0, 1.0]], "neighbors": []}
{"sample_id": "c391d83a_stereo_camera_front_left_1775542423727887000", "session_id": "c391d83a-2958-40b6-a637-7f963e64f07f", "rig_id": "front", "camera_id": "left", "camera_name": "stereo_camera_front_left", "frame_id": "1775542423727887000", "timestamp": 1775542423.727887, "rgb_path": "/mnt/data/data/calder/output/dev_sessions/c391d83a-2958-40b6-a637-7f963e64f07f/nurec_run1/pycusfm_input/stereo_camera_front_left/1775542423727887000.jpeg", "gt_depth_path": "/mnt/data/data/calder/output/dev_sessions/c391d83a-2958-40b6-a637-7f963e64f07f/nurec_run1/depth/stereo_camera_front_left/1775542423727887000.png", "foundation_depth_path": null, "valid_mask_path": null, "confidence_path": null, "K": [[746.247802734375, 0.0, 945.3109741210938], [0.0, 746.247802734375, 544.086181640625], [0.0, 0.0, 1.0]], "world_T_cam": [[-0.12878785929432635, 0.06840490083603556, 0.9893100913464885, 1.3804923479495768], [-0.9913157324595218, -0.03562573533038138, -0.12658564515936294, -0.425841383852264], [0.026585820969593887, -0.9970213520902058, 0.07239901656508185, 0.7871245047599825], [0.0, 0.0, 0.0, 1.0]], "body_T_cam": [[-0.015507991007583155, -0.010666134427397278, 0.9998228522049721, 0.10241018892838313], [-0.9998472987259444, -0.00788998750282588, -0.015592540769150065, 0.05666027550426788], [0.008054901944845427, -0.9999119869636438, -0.01054214783983709, -0.006303469581055252], [0.0, 0.0, 0.0, 1.0]], "neighbors": []}
{"sample_id": "c391d83a_stereo_camera_front_left_1775542424394685000", "session_id": "c391d83a-2958-40b6-a637-7f963e64f07f", "rig_id": "front", "camera_id": "left", "camera_name": "stereo_camera_front_left", "frame_id": "1775542424394685000", "timestamp": 1775542424.394685, "rgb_path": "/mnt/data/data/calder/output/dev_sessions/c391d83a-2958-40b6-a637-7f963e64f07f/nurec_run1/pycusfm_input/stereo_camera_front_left/1775542424394685000.jpeg", "gt_depth_path": "/mnt/data/data/calder/output/dev_sessions/c391d83a-2958-40b6-a637-7f963e64f07f/nurec_run1/depth/stereo_camera_front_left/1775542424394685000.png", "foundation_depth_path": null, "valid_mask_path": null, "confidence_path": null, "K": [[746.247802734375, 0.0, 945.3109741210938], [0.0, 746.247802734375, 544.086181640625], [0.0, 0.0, 1.0]], "world_T_cam": [[-0.11928477275185256, 0.04786799841992151, 0.9917054994890415, 1.455091092758078], [-0.9926563866990996, -0.025981588723660298, -0.11814505911328854, -0.49450159231026225], [0.02011071691976002, -0.9985157043205005, 0.05061568225667157, 0.7844490862206625], [0.0, 0.0, 0.0, 1.0]], "body_T_cam": [[-0.015507991007583155, -0.010666134427397278, 0.9998228522049721, 0.10241018892838313], [-0.9998472987259444, -0.00788998750282588, -0.015592540769150065, 0.05666027550426788], [0.008054901944845427, -0.9999119869636438, -0.01054214783983709, -0.006303469581055252], [0.0, 0.0, 0.0, 1.0]], "neighbors": []}
{"sample_id": "c391d83a_stereo_camera_front_left_1775542425028078000", "session_id": "c391d83a-2958-40b6-a637-7f963e64f07f", "rig_id": "front", "camera_id": "left", "camera_name": "stereo_camera_front_left", "frame_id": "1775542425028078000", "timestamp": 1775542425.028078, "rgb_path": "/mnt/data/data/calder/output/dev_sessions/c391d83a-2958-40b6-a637-7f963e64f07f/nurec_run1/pycusfm_input/stereo_camera_front_left/1775542425028078000.jpeg", "gt_depth_path": "/mnt/data/data/calder/output/dev_sessions/c391d83a-2958-40b6-a637-7f963e64f07f/nurec_run1/depth/stereo_camera_front_left/1775542425028078000.png", "foundation_depth_path": null, "valid_mask_path": null, "confidence_path": null, "K": [[746.247802734375, 0.0, 945.3109741210938], [0.0, 746.247802734375, 544.086181640625], [0.0, 0.0, 1.0]], "world_T_cam": [[-0.11749162892567389, 0.03873686207695193, 0.9923180803798866, 1.5471234397136229], [-0.9927916881057874, -0.028401027962259073, -0.1164390211172684, -0.5506166657751963], [0.02367237124692939, -0.9988457524198209, 0.04179451773174758, 0.7751692951707035], [0.0, 0.0, 0.0, 1.0]], "body_T_cam": [[-0.015507991007583155, -0.010666134427397278, 0.9998228522049721, 0.10241018892838313], [-0.9998472987259444, -0.00788998750282588, -0.015592540769150065, 0.05666027550426788], [0.008054901944845427, -0.9999119869636438, -0.01054214783983709, -0.006303469581055252], [0.0, 0.0, 0.0, 1.0]], "neighbors": []}
{"sample_id": "c391d83a_stereo_camera_front_left_1775542425328133000", "session_id": "c391d83a-2958-40b6-a637-7f963e64f07f", "rig_id": "front", "camera_id": "left", "camera_name": "stereo_camera_front_left", "frame_id": "1775542425328133000", "timestamp": 1775542425.328133, "rgb_path": "/mnt/data/data/calder/output/dev_sessions/c391d83a-2958-40b6-a637-7f963e64f07f/nurec_run1/pycusfm_input/stereo_camera_front_left/1775542425328133000.jpeg", "gt_depth_path": "/mnt/data/data/calder/output/dev_sessions/c391d83a-2958-40b6-a637-7f963e64f07f/nurec_run1/depth/stereo_camera_front_left/1775542425328133000.png", "foundation_depth_path": null, "valid_mask_path": null, "confidence_path": null, "K": [[746.247802734375, 0.0, 945.3109741210938], [0.0, 746.247802734375, 544.086181640625], [0.0, 0.0, 1.0]], "world_T_cam": [[-0.12154035340077607, 0.035722684863286, 0.9919434622403502, 1.6361578881706411], [-0.9918489823009234, -0.04288791376897061, -0.11998426213953278, -0.5742725155044871], [0.03825622568729403, -0.9984410431461159, 0.04064412082280977, 0.7715376781910996], [0.0, 0.0, 0.0, 1.0]], "body_T_cam": [[-0.015507991007583155, -0.010666134427397278, 0.9998228522049721, 0.10241018892838313], [-0.9998472987259444, -0.00788998750282588, -0.015592540769150065, 0.05666027550426788], [0.008054901944845427, -0.9999119869636438, -0.01054214783983709, -0.006303469581055252], [0.0, 0.0, 0.0, 1.0]], "neighbors": []}
{"sample_id": "c391d83a_stereo_camera_front_left_1775542425594823000", "session_id": "c391d83a-2958-40b6-a637-7f963e64f07f", "rig_id": "front", "camera_id": "left", "camera_name": "stereo_camera_front_left", "frame_id": "1775542425594823000", "timestamp": 1775542425.594823, "rgb_path": "/mnt/data/data/calder/output/dev_sessions/c391d83a-2958-40b6-a637-7f963e64f07f/nurec_run1/pycusfm_input/stereo_camera_front_left/1775542425594823000.jpeg", "gt_depth_path": "/mnt/data/data/calder/output/dev_sessions/c391d83a-2958-40b6-a637-7f963e64f07f/nurec_run1/depth/stereo_camera_front_left/1775542425594823000.png", "foundation_depth_path": null, "valid_mask_path": null, "confidence_path": null, "K": [[746.247802734375, 0.0, 945.3109741210938], [0.0, 746.247802734375, 544.086181640625], [0.0, 0.0, 1.0]], "world_T_cam": [[-0.14044205249534059, 0.04867987910081145, 0.9888914496857714, 1.730926497989144], [-0.9894171022919256, -0.04368775378086376, -0.13836610084060336, -0.6106264929227919], [0.03646680110930223, -0.9978585318271889, 0.054300302729741734, 0.7786838965677029], [0.0, 0.0, 0.0, 1.0]], "body_T_cam": [[-0.015507991007583155, -0.010666134427397278, 0.9998228522049721, 0.10241018892838313], [-0.9998472987259444, -0.00788998750282588, -0.015592540769150065, 0.05666027550426788], [0.008054901944845427, -0.9999119869636438, -0.01054214783983709, -0.006303469581055252], [0.0, 0.0, 0.0, 1.0]], "neighbors": []}
{"sample_id": "c391d83a_stereo_camera_front_left_1775542426228253000", "session_id": "c391d83a-2958-40b6-a637-7f963e64f07f", "rig_id": "front", "camera_id": "left", "camera_name": "stereo_camera_front_left", "frame_id": "1775542426228253000", "timestamp": 1775542426.228253, "rgb_path": "/mnt/data/data/calder/output/dev_sessions/c391d83a-2958-40b6-a637-7f963e64f07f/nurec_run1/pycusfm_input/stereo_camera_front_left/1775542426228253000.jpeg", "gt_depth_path": "/mnt/data/data/calder/output/dev_sessions/c391d83a-2958-40b6-a637-7f963e64f07f/nurec_run1/depth/stereo_camera_front_left/1775542426228253000.png", "foundation_depth_path": null, "valid_mask_path": null, "confidence_path": null, "K": [[746.247802734375, 0.0, 945.3109741210938], [0.0, 746.247802734375, 544.086181640625], [0.0, 0.0, 1.0]], "world_T_cam": [[-0.1490439182359397, 0.10325937030324522, 0.9834243300231371, 1.9093951657456287], [-0.988472196847362, -0.04233192574895617, -0.14536410878251693, -0.7164034792632733], [0.02662003938068147, -0.9937532442749369, 0.10837833268882169, 0.8067876437420203], [0.0, 0.0, 0.0, 1.0]], "body_T_cam": [[-0.015507991007583155, -0.010666134427397278, 0.9998228522049721, 0.10241018892838313], [-0.9998472987259444, -0.00788998750282588, -0.015592540769150065, 0.05666027550426788], [0.008054901944845427, -0.9999119869636438, -0.01054214783983709, -0.006303469581055252], [0.0, 0.0, 0.0, 1.0]], "neighbors": []}
{"sample_id": "c391d83a_stereo_camera_front_left_1775542426728340000", "session_id": "c391d83a-2958-40b6-a637-7f963e64f07f", "rig_id": "front", "camera_id": "left", "camera_name": "stereo_camera_front_left", "frame_id": "1775542426728340000", "timestamp": 1775542426.72834, "rgb_path": "/mnt/data/data/calder/output/dev_sessions/c391d83a-2958-40b6-a637-7f963e64f07f/nurec_run1/pycusfm_input/stereo_camera_front_left/1775542426728340000.jpeg", "gt_depth_path": "/mnt/data/data/calder/output/dev_sessions/c391d83a-2958-40b6-a637-7f963e64f07f/nurec_run1/depth/stereo_camera_front_left/1775542426728340000.png", "foundation_depth_path": null, "valid_mask_path": null, "confidence_path": null, "K": [[746.247802734375, 0.0, 945.3109741210938], [0.0, 746.247802734375, 544.086181640625], [0.0, 0.0, 1.0]], "world_T_cam": [[-0.09220333402257791, 0.11096697119173293, 0.9895377084778803, 2.0812039225454395], [-0.993888324967745, -0.07083657526443071, -0.08466508783209764, -0.825565889865307], [0.060700434001175696, -0.9912963789449349, 0.11682014553461739, 0.8196301427048626], [0.0, 0.0, 0.0, 1.0]], "body_T_cam": [[-0.015507991007583155, -0.010666134427397278, 0.9998228522049721, 0.10241018892838313], [-0.9998472987259444, -0.00788998750282588, -0.015592540769150065, 0.05666027550426788], [0.008054901944845427, -0.9999119869636438, -0.01054214783983709, -0.006303469581055252], [0.0, 0.0, 0.0, 1.0]], "neighbors": []}
{"sample_id": "c391d83a_stereo_camera_front_left_1775542426961788000", "session_id": "c391d83a-2958-40b6-a637-7f963e64f07f", "rig_id": "front", "camera_id": "left", "camera_name": "stereo_camera_front_left", "frame_id": "1775542426961788000", "timestamp": 1775542426.961788, "rgb_path": "/mnt/data/data/calder/output/dev_sessions/c391d83a-2958-40b6-a637-7f963e64f07f/nurec_run1/pycusfm_input/stereo_camera_front_left/1775542426961788000.jpeg", "gt_depth_path": "/mnt/data/data/calder/output/dev_sessions/c391d83a-2958-40b6-a637-7f963e64f07f/nurec_run1/depth/stereo_camera_front_left/1775542426961788000.png", "foundation_depth_path": null, "valid_mask_path": null, "confidence_path": null, "K": [[746.247802734375, 0.0, 945.3109741210938], [0.0, 746.247802734375, 544.086181640625], [0.0, 0.0, 1.0]], "world_T_cam": [[-0.04010956315284192, 0.09949782553568265, 0.9942290509019334, 2.1524138801801107], [-0.9975165135733617, -0.0616426554645127, -0.03407327656285786, -0.8452633886945751], [0.057896701910677084, -0.993126560787171, 0.10172318401874769, 0.8227914675100131], [0.0, 0.0, 0.0, 1.0]], "body_T_cam": [[-0.015507991007583155, -0.010666134427397278, 0.9998228522049721, 0.10241018892838313], [-0.9998472987259444, -0.00788998750282588, -0.015592540769150065, 0.05666027550426788], [0.008054901944845427, -0.9999119869636438, -0.01054214783983709, -0.006303469581055252], [0.0, 0.0, 0.0, 1.0]], "neighbors": []}
{"sample_id": "c391d83a_stereo_camera_front_left_1775542427428440000", "session_id": "c391d83a-2958-40b6-a637-7f963e64f07f", "rig_id": "front", "camera_id": "left", "camera_name": "stereo_camera_front_left", "frame_id": "1775542427428440000", "timestamp": 1775542427.42844, "rgb_path": "/mnt/data/data/calder/output/dev_sessions/c391d83a-2958-40b6-a637-7f963e64f07f/nurec_run1/pycusfm_input/stereo_camera_front_left/1775542427428440000.jpeg", "gt_depth_path": "/mnt/data/data/calder/output/dev_sessions/c391d83a-2958-40b6-a637-7f963e64f07f/nurec_run1/depth/stereo_camera_front_left/1775542427428440000.png", "foundation_depth_path": null, "valid_mask_path": null, "confidence_path": null, "K": [[746.247802734375, 0.0, 945.3109741210938], [0.0, 746.247802734375, 544.086181640625], [0.0, 0.0, 1.0]], "world_T_cam": [[-0.0030486680936971933, 0.09418672305171094, 0.9955498816350868, 2.3552693840858776], [-0.9990717405185136, -0.04306538453518938, 0.001014865579651747, -0.8579293201588393], [0.042969325339862974, -0.9946226590298539, 0.09423058539678347, 0.7991258742529597], [0.0, 0.0, 0.0, 1.0]], "body_T_cam": [[-0.015507991007583155, -0.010666134427397278, 0.9998228522049721, 0.10241018892838313], [-0.9998472987259444, -0.00788998750282588, -0.015592540769150065, 0.05666027550426788], [0.008054901944845427, -0.9999119869636438, -0.01054214783983709, -0.006303469581055252], [0.0, 0.0, 0.0, 1.0]], "neighbors": []}
{"sample_id": "c391d83a_stereo_camera_front_left_1775542427995208000", "session_id": "c391d83a-2958-40b6-a637-7f963e64f07f", "rig_id": "front", "camera_id": "left", "camera_name": "stereo_camera_front_left", "frame_id": "1775542427995208000", "timestamp": 1775542427.995208, "rgb_path": "/mnt/data/data/calder/output/dev_sessions/c391d83a-2958-40b6-a637-7f963e64f07f/nurec_run1/pycusfm_input/stereo_camera_front_left/1775542427995208000.jpeg", "gt_depth_path": "/mnt/data/data/calder/output/dev_sessions/c391d83a-2958-40b6-a637-7f963e64f07f/nurec_run1/depth/stereo_camera_front_left/1775542427995208000.png", "foundation_depth_path": null, "valid_mask_path": null, "confidence_path": null, "K": [[746.247802734375, 0.0, 945.3109741210938], [0.0, 746.247802734375, 544.086181640625], [0.0, 0.0, 1.0]], "world_T_cam": [[-0.03356986031800635, 0.11592957491382877, 0.9926899808794933, 2.5807985954593446], [-0.9980757317799973, -0.05569938828049825, -0.027247234300042278, -0.8672540791328218], [0.05213346439718586, -0.9916944649464761, 0.11757631600143842, 0.8415907540073779], [0.0, 0.0, 0.0, 1.0]], "body_T_cam": [[-0.015507991007583155, -0.010666134427397278, 0.9998228522049721, 0.10241018892838313], [-0.9998472987259444, -0.00788998750282588, -0.015592540769150065, 0.05666027550426788], [0.008054901944845427, -0.9999119869636438, -0.01054214783983709, -0.006303469581055252], [0.0, 0.0, 0.0, 1.0]], "neighbors": []}
{"sample_id": "c391d83a_stereo_camera_front_left_1775542428528583000", "session_id": "c391d83a-2958-40b6-a637-7f963e64f07f", "rig_id": "front", "camera_id": "left", "camera_name": "stereo_camera_front_left", "frame_id": "1775542428528583000", "timestamp": 1775542428.528583, "rgb_path": "/mnt/data/data/calder/output/dev_sessions/c391d83a-2958-40b6-a637-7f963e64f07f/nurec_run1/pycusfm_input/stereo_camera_front_left/1775542428528583000.jpeg", "gt_depth_path": "/mnt/data/data/calder/output/dev_sessions/c391d83a-2958-40b6-a637-7f963e64f07f/nurec_run1/depth/stereo_camera_front_left/1775542428528583000.png", "foundation_depth_path": null, "valid_mask_path": null, "confidence_path": null, "K": [[746.247802734375, 0.0, 945.3109741210938], [0.0, 746.247802734375, 544.086181640625], [0.0, 0.0, 1.0]], "world_T_cam": [[-0.041049810088768235, 0.08866066678501877, 0.9952156546482336, 2.784128634213994], [-0.9974078051670627, -0.0625508090411962, -0.035567773055318275, -0.8955511570444377], [0.05909808189356808, -0.9940959120997972, 0.09099853989473394, 0.8409602034692988], [0.0, 0.0, 0.0, 1.0]], "body_T_cam": [[-0.015507991007583155, -0.010666134427397278, 0.9998228522049721, 0.10241018892838313], [-0.9998472987259444, -0.00788998750282588, -0.015592540769150065, 0.05666027550426788], [0.008054901944845427, -0.9999119869636438, -0.01054214783983709, -0.006303469581055252], [0.0, 0.0, 0.0, 1.0]], "neighbors": []}
{"sample_id": "c391d83a_stereo_camera_front_left_1775542428928642000", "session_id": "c391d83a-2958-40b6-a637-7f963e64f07f", "rig_id": "front", "camera_id": "left", "camera_name": "stereo_camera_front_left", "frame_id": "1775542428928642000", "timestamp": 1775542428.928642, "rgb_path": "/mnt/data/data/calder/output/dev_sessions/c391d83a-2958-40b6-a637-7f963e64f07f/nurec_run1/pycusfm_input/stereo_camera_front_left/1775542428928642000.jpeg", "gt_depth_path": "/mnt/data/data/calder/output/dev_sessions/c391d83a-2958-40b6-a637-7f963e64f07f/nurec_run1/depth/stereo_camera_front_left/1775542428928642000.png", "foundation_depth_path": null, "valid_mask_path": null, "confidence_path": null, "K": [[746.247802734375, 0.0, 945.3109741210938], [0.0, 746.247802734375, 544.086181640625], [0.0, 0.0, 1.0]], "world_T_cam": [[-0.041328604619465414, 0.05869686420307929, 0.9974199840453035, 2.994475233690584], [-0.998159965499093, -0.04675602716676547, -0.038607734955969364, -0.954763522097125], [0.0443692428947981, -0.9971803006760144, 0.06052122130820292, 0.845434741427673], [0.0, 0.0, 0.0, 1.0]], "body_T_cam": [[-0.015507991007583155, -0.010666134427397278, 0.9998228522049721, 0.10241018892838313], [-0.9998472987259444, -0.00788998750282588, -0.015592540769150065, 0.05666027550426788], [0.008054901944845427, -0.9999119869636438, -0.01054214783983709, -0.006303469581055252], [0.0, 0.0, 0.0, 1.0]], "neighbors": []}
{"sample_id": "c391d83a_stereo_camera_front_left_1775542429128709000", "session_id": "c391d83a-2958-40b6-a637-7f963e64f07f", "rig_id": "front", "camera_id": "left", "camera_name": "stereo_camera_front_left", "frame_id": "1775542429128709000", "timestamp": 1775542429.128709, "rgb_path": "/mnt/data/data/calder/output/dev_sessions/c391d83a-2958-40b6-a637-7f963e64f07f/nurec_run1/pycusfm_input/stereo_camera_front_left/1775542429128709000.jpeg", "gt_depth_path": "/mnt/data/data/calder/output/dev_sessions/c391d83a-2958-40b6-a637-7f963e64f07f/nurec_run1/depth/stereo_camera_front_left/1775542429128709000.png", "foundation_depth_path": null, "valid_mask_path": null, "confidence_path": null, "K": [[746.247802734375, 0.0, 945.3109741210938], [0.0, 746.247802734375, 544.086181640625], [0.0, 0.0, 1.0]], "world_T_cam": [[-0.03837999325662278, 0.07101932656388227, 0.9967362897838297, 3.0907446077887593], [-0.9985649961669361, -0.04000753531411222, -0.03559979702494137, -0.9819703365215565], [0.03734868870186153, -0.9966722893571902, 0.07245290249361114, 0.8812744602675032], [0.0, 0.0, 0.0, 1.0]], "body_T_cam": [[-0.015507991007583155, -0.010666134427397278, 0.9998228522049721, 0.10241018892838313], [-0.9998472987259444, -0.00788998750282588, -0.015592540769150065, 0.05666027550426788], [0.008054901944845427, -0.9999119869636438, -0.01054214783983709, -0.006303469581055252], [0.0, 0.0, 0.0, 1.0]], "neighbors": []}
{"sample_id": "c391d83a_stereo_camera_front_left_1775542429362075000", "session_id": "c391d83a-2958-40b6-a637-7f963e64f07f", "rig_id": "front", "camera_id": "left", "camera_name": "stereo_camera_front_left", "frame_id": "1775542429362075000", "timestamp": 1775542429.362075, "rgb_path": "/mnt/data/data/calder/output/dev_sessions/c391d83a-2958-40b6-a637-7f963e64f07f/nurec_run1/pycusfm_input/stereo_camera_front_left/1775542429362075000.jpeg", "gt_depth_path": "/mnt/data/data/calder/output/dev_sessions/c391d83a-2958-40b6-a637-7f963e64f07f/nurec_run1/depth/stereo_camera_front_left/1775542429362075000.png", "foundation_depth_path": null, "valid_mask_path": null, "confidence_path": null, "K": [[746.247802734375, 0.0, 945.3109741210938], [0.0, 746.247802734375, 544.086181640625], [0.0, 0.0, 1.0]], "world_T_cam": [[-0.016960323746650796, 0.09225985651910523, 0.9955905113516716, 3.1671783802001614], [-0.9992697729067721, -0.03566130356164443, -0.013718322897952162, -0.9875489565141189], [0.03423840494615704, -0.9950961713841323, 0.09279731312589073, 0.950554285902364], [0.0, 0.0, 0.0, 1.0]], "body_T_cam": [[-0.015507991007583155, -0.010666134427397278, 0.9998228522049721, 0.10241018892838313], [-0.9998472987259444, -0.00788998750282588, -0.015592540769150065, 0.05666027550426788], [0.008054901944845427, -0.9999119869636438, -0.01054214783983709, -0.006303469581055252], [0.0, 0.0, 0.0, 1.0]], "neighbors": []}
{"sample_id": "c391d83a_stereo_camera_front_left_1775542429662115000", "session_id": "c391d83a-2958-40b6-a637-7f963e64f07f", "rig_id": "front", "camera_id": "left", "camera_name": "stereo_camera_front_left", "frame_id": "1775542429662115000", "timestamp": 1775542429.662115, "rgb_path": "/mnt/data/data/calder/output/dev_sessions/c391d83a-2958-40b6-a637-7f963e64f07f/nurec_run1/pycusfm_input/stereo_camera_front_left/1775542429662115000.jpeg", "gt_depth_path": "/mnt/data/data/calder/output/dev_sessions/c391d83a-2958-40b6-a637-7f963e64f07f/nurec_run1/depth/stereo_camera_front_left/1775542429662115000.png", "foundation_depth_path": null, "valid_mask_path": null, "confidence_path": null, "K": [[746.247802734375, 0.0, 945.3109741210938], [0.0, 746.247802734375, 544.086181640625], [0.0, 0.0, 1.0]], "world_T_cam": [[0.004425343367948087, 0.09969207771727778, 0.9950084954293046, 3.248349150360831], [-0.9999450208635958, -0.00901797507931762, 0.005350829428400039, -0.9713846641548938], [0.009506397118718868, -0.9949774699790349, 0.09964668909672902, 1.0119983002234243], [0.0, 0.0, 0.0, 1.0]], "body_T_cam": [[-0.015507991007583155, -0.010666134427397278, 0.9998228522049721, 0.10241018892838313], [-0.9998472987259444, -0.00788998750282588, -0.015592540769150065, 0.05666027550426788], [0.008054901944845427, -0.9999119869636438, -0.01054214783983709, -0.006303469581055252], [0.0, 0.0, 0.0, 1.0]], "neighbors": []}
