{"sample_id": "c391d83a_stereo_camera_front_left_1775542417326872000", "session_id": "c391d83a-2958-40b6-a637-7f963e64f07f", "rig_id": "front", "camera_id": "left", "camera_name": "stereo_camera_front_left", "frame_id": "1775542417326872000", "timestamp": 1775542417.326872, "rgb_path": "/mnt/data/data/calder/output/dev_sessions/c391d83a-2958-40b6-a637-7f963e64f07f/nurec_run1/pycusfm_input/stereo_camera_front_left/1775542417326872000.jpeg", "gt_depth_path": "/mnt/data/data/calder/output/dev_sessions/c391d83a-2958-40b6-a637-7f963e64f07f/nurec_run1/depth/stereo_camera_front_left/1775542417326872000.png", "foundation_depth_path": null, "valid_mask_path": null, "confidence_path": null, "K": [[746.247802734375, 0.0, 945.3109741210938], [0.0, 746.247802734375, 544.086181640625], [0.0, 0.0, 1.0]], "world_T_cam": [[-0.02349046577738073, -0.007061333799980696, 0.9996991225276369, 0.10543214774653649], [-0.9997074274081785, -0.005602471301077494, -0.02353023374814117, 0.0561831716753717], [0.005766940478560856, -0.9999593741149118, -0.006927663186882205, -0.006224675368963442], [0.0, 0.0, 0.0, 1.0]], "body_T_cam": [[-0.015507991007583155, -0.010666134427397278, 0.9998228522049721, 0.10241018892838313], [-0.9998472987259444, -0.00788998750282588, -0.015592540769150065, 0.05666027550426788], [0.008054901944845427, -0.9999119869636438, -0.01054214783983709, -0.006303469581055252], [0.0, 0.0, 0.0, 1.0]], "neighbors": []}
{"sample_id": "c391d83a_stereo_camera_left_left_1775542417326872000", "session_id": "c391d83a-2958-40b6-a637-7f963e64f07f", "rig_id": "left", "camera_id": "left", "camera_name": "stereo_camera_left_left", "frame_id": "1775542417326872000", "timestamp": 1775542417.326872, "rgb_path": "/mnt/data/data/calder/output/dev_sessions/c391d83a-2958-40b6-a637-7f963e64f07f/nurec_run1/pycusfm_input/stereo_camera_left_left/1775542417326872000.jpeg", "gt_depth_path": "/mnt/data/data/calder/output/dev_sessions/c391d83a-2958-40b6-a637-7f963e64f07f/nurec_run1/depth/stereo_camera_left_left/1775542417326872000.png", "foundation_depth_path": null, "valid_mask_path": null, "confidence_path": null, "K": [[728.093017578125, 0.0, 962.624755859375], [0.0, 728.093017578125, 543.66845703125], [0.0, 0.0, 1.0]], "world_T_cam": [[0.9996906386197548, -0.012556383024871633, 0.02147007921177275, -0.06786491625548599], [-0.021534744030467592, -0.0050376127159207215, 0.9997554087163854, 0.11321125441387185], [-0.01244515389898097, -0.9999084756633765, -0.005306452767486902, -0.007833638613126248], [0.0, 0.0, 0.0, 1.0]], "body_T_cam": [[0.9997783409161892, -0.016165284951463462, 0.013488980588251435, -0.07134020534259322], [-0.013609499625230564, -0.007368746315533623, 0.999880234376942, 0.11230428763698734], [-0.016063952030029353, -0.99984218011653, -0.007587114405465175, -0.007402459901940939], [0.0, 0.0, 0.0, 1.0]], "neighbors": []}
{"sample_id": "c391d83a_stereo_camera_right_left_1775542417326872000", "session_id": "c391d83a-2958-40b6-a637-7f963e64f07f", "rig_id": "right", "camera_id": "left", "camera_name": "stereo_camera_right_left", "frame_id": "1775542417326872000", "timestamp": 1775542417.326872, "rgb_path": "/mnt/data/data/calder/output/dev_sessions/c391d83a-2958-40b6-a637-7f963e64f07f/nurec_run1/pycusfm_input/stereo_camera_right_left/1775542417326872000.jpeg", "gt_depth_path": "/mnt/data/data/calder/output/dev_sessions/c391d83a-2958-40b6-a637-7f963e64f07f/nurec_run1/depth/stereo_camera_right_left/1775542417326872000.png", "foundation_depth_path": null, "valid_mask_path": null, "confidence_path": null, "K": [[740.7389526367188, 0.0, 964.3911743164062], [0.0, 740.7389526367188, 566.250244140625], [0.0, 0.0, 1.0]], "world_T_cam": [[-0.9996746489089358, -0.014548470823221868, -0.02095085500646255, 0.05267973893587356], [0.02096394992796652, -0.000748151786776563, -0.9997799523256713, -0.11672966636387865], [0.0145295950464446, -0.9998938855026617, 0.0010529017886431458, -0.0004983571635154889], [0.0, 0.0, 0.0, 1.0]], "body_T_cam": [[-0.9997501988092755, -0.01819139942696869, -0.012985105609984225, 0.05105758389689076], [0.013043503892861867, -0.0030952457713114834, -0.9999101391924238, -0.11665351394589274], [0.018149572639895903, -0.9998297317246091, 0.0033317521644747883, -2.8936383089372963e-06], [0.0, 0.0, 0.0, 1.0]], "neighbors": []}
{"sample_id": "c391d83a_stereo_camera_front_left_1775542417860283000", "session_id": "c391d83a-2958-40b6-a637-7f963e64f07f", "rig_id": "front", "camera_id": "left", "camera_name": "stereo_camera_front_left", "frame_id": "1775542417860283000", "timestamp": 1775542417.860283, "rgb_path": "/mnt/data/data/calder/output/dev_sessions/c391d83a-2958-40b6-a637-7f963e64f07f/nurec_run1/pycusfm_input/stereo_camera_front_left/1775542417860283000.jpeg", "gt_depth_path": "/mnt/data/data/calder/output/dev_sessions/c391d83a-2958-40b6-a637-7f963e64f07f/nurec_run1/depth/stereo_camera_front_left/1775542417860283000.png", "foundation_depth_path": null, "valid_mask_path": null, "confidence_path": null, "K": [[746.247802734375, 0.0, 945.3109741210938], [0.0, 746.247802734375, 544.086181640625], [0.0, 0.0, 1.0]], "world_T_cam": [[-0.00788868317803526, -0.06767593894729967, 0.9976761678848092, 0.10097485182466737], [-0.9994605409890756, -0.03127523540510424, -0.01002430327653514, 0.059088376335056675], [0.03188096114519162, -0.9972170410386881, -0.06739271012878245, -0.005288268835139203], [0.0, 0.0, 0.0, 1.0]], "body_T_cam": [[-0.015507991007583155, -0.010666134427397278, 0.9998228522049721, 0.10241018892838313], [-0.9998472987259444, -0.00788998750282588, -0.015592540769150065, 0.05666027550426788], [0.008054901944845427, -0.9999119869636438, -0.01054214783983709, -0.006303469581055252], [0.0, 0.0, 0.0, 1.0]], "neighbors": []}
{"sample_id": "c391d83a_stereo_camera_left_left_1775542417860283000", "session_id": "c391d83a-2958-40b6-a637-7f963e64f07f", "rig_id": "left", "camera_id": "left", "camera_name": "stereo_camera_left_left", "frame_id": "1775542417860283000", "timestamp": 1775542417.860283, "rgb_path": "/mnt/data/data/calder/output/dev_sessions/c391d83a-2958-40b6-a637-7f963e64f07f/nurec_run1/pycusfm_input/stereo_camera_left_left/1775542417860283000.jpeg", "gt_depth_path": "/mnt/data/data/calder/output/dev_sessions/c391d83a-2958-40b6-a637-7f963e64f07f/nurec_run1/depth/stereo_camera_left_left/1775542417860283000.png", "foundation_depth_path": null, "valid_mask_path": null, "confidence_path": null, "K": [[728.093017578125, 0.0, 962.624755859375], [0.0, 728.093017578125, 543.66845703125], [0.0, 0.0, 1.0]], "world_T_cam": [[0.9973023484705531, -0.0731657145309329, 0.00589948746061629, -0.07294749660531061], [-0.008170904357432708, -0.0307844702594321, 0.9994926476532121, 0.11368106131002054], [-0.07294698113768398, -0.9968445689313977, -0.031299254541829, 0.0022826517890027426], [0.0, 0.0, 0.0, 1.0]], "body_T_cam": [[0.9997783409161892, -0.016165284951463462, 0.013488980588251435, -0.07134020534259322], [-0.013609499625230564, -0.007368746315533623, 0.999880234376942, 0.11230428763698734], [-0.016063952030029353, -0.99984218011653, -0.007587114405465175, -0.007402459901940939], [0.0, 0.0, 0.0, 1.0]], "neighbors": []}
{"sample_id": "c391d83a_stereo_camera_right_left_1775542417860283000", "session_id": "c391d83a-2958-40b6-a637-7f963e64f07f", "rig_id": "right", "camera_id": "left", "camera_name": "stereo_camera_right_left", "frame_id": "1775542417860283000", "timestamp": 1775542417.860283, "rgb_path": "/mnt/data/data/calder/output/dev_sessions/c391d83a-2958-40b6-a637-7f963e64f07f/nurec_run1/pycusfm_input/stereo_camera_right_left/1775542417860283000.jpeg", "gt_depth_path": "/mnt/data/data/calder/output/dev_sessions/c391d83a-2958-40b6-a637-7f963e64f07f/nurec_run1/depth/stereo_camera_right_left/1775542417860283000.png", "foundation_depth_path": null, "valid_mask_path": null, "confidence_path": null, "K": [[740.7389526367188, 0.0, 964.3911743164062], [0.0, 740.7389526367188, 566.250244140625], [0.0, 0.0, 1.0]], "world_T_cam": [[-0.9971511491167941, -0.07521825315848574, -0.005639167211828569, 0.05130356955883542], [0.007653888260968765, -0.026523687528284157, -0.9996188833722535, -0.11432673968515893], [0.0750400147224507, -0.9968142797892134, 0.02702383760250382, 0.007918478230985153], [0.0, 0.0, 0.0, 1.0]], "body_T_cam": [[-0.9997501988092755, -0.01819139942696869, -0.012985105609984225, 0.05105758389689076], [0.013043503892861867, -0.0030952457713114834, -0.9999101391924238, -0.11665351394589274], [0.018149572639895903, -0.9998297317246091, 0.0033317521644747883, -2.8936383089372963e-06], [0.0, 0.0, 0.0, 1.0]], "neighbors": []}
{"sample_id": "c391d83a_stereo_camera_front_left_1775542418327016000", "session_id": "c391d83a-2958-40b6-a637-7f963e64f07f", "rig_id": "front", "camera_id": "left", "camera_name": "stereo_camera_front_left", "frame_id": "1775542418327016000", "timestamp": 1775542418.327016, "rgb_path": "/mnt/data/data/calder/output/dev_sessions/c391d83a-2958-40b6-a637-7f963e64f07f/nurec_run1/pycusfm_input/stereo_camera_front_left/1775542418327016000.jpeg", "gt_depth_path": "/mnt/data/data/calder/output/dev_sessions/c391d83a-2958-40b6-a637-7f963e64f07f/nurec_run1/depth/stereo_camera_front_left/1775542418327016000.png", "foundation_depth_path": null, "valid_mask_path": null, "confidence_path": null, "K": [[746.247802734375, 0.0, 945.3109741210938], [0.0, 746.247802734375, 544.086181640625], [0.0, 0.0, 1.0]], "world_T_cam": [[-0.019853673728987276, -0.030798133023999252, 0.9993284278162505, 0.09823545041560515], [-0.998808654114806, -0.04395360674485327, -0.021197946114860255, 0.047266657468667234], [0.04457694588946903, -0.9985587391117033, -0.029888801227424877, 0.09893249505167422], [0.0, 0.0, 0.0, 1.0]], "body_T_cam": [[-0.015507991007583155, -0.010666134427397278, 0.9998228522049721, 0.10241018892838313], [-0.9998472987259444, -0.00788998750282588, -0.015592540769150065, 0.05666027550426788], [0.008054901944845427, -0.9999119869636438, -0.01054214783983709, -0.006303469581055252], [0.0, 0.0, 0.0, 1.0]], "neighbors": []}
{"sample_id": "c391d83a_stereo_camera_left_left_1775542418327016000", "session_id": "c391d83a-2958-40b6-a637-7f963e64f07f", "rig_id": "left", "camera_id": "left", "camera_name": "stereo_camera_left_left", "frame_id": "1775542418327016000", "timestamp": 1775542418.327016, "rgb_path": "/mnt/data/data/calder/output/dev_sessions/c391d83a-2958-40b6-a637-7f963e64f07f/nurec_run1/pycusfm_input/stereo_camera_left_left/1775542418327016000.jpeg", "gt_depth_path": "/mnt/data/data/calder/output/dev_sessions/c391d83a-2958-40b6-a637-7f963e64f07f/nurec_run1/depth/stereo_camera_left_left/1775542418327016000.png", "foundation_depth_path": null, "valid_mask_path": null, "confidence_path": null, "K": [[728.093017578125, 0.0, 962.624755859375], [0.0, 728.093017578125, 543.66845703125], [0.0, 0.0, 1.0]], "world_T_cam": [[0.9991818819356433, -0.03629236179076018, 0.017844643095199557, -0.07524912004054439], [-0.019415484909957974, -0.04340139822801553, 0.9988690392526763, 0.10374360909469611], [-0.035476834092935595, -0.9983983088464753, -0.04407052456280209, 0.0992805237111866], [0.0, 0.0, 0.0, 1.0]], "body_T_cam": [[0.9997783409161892, -0.016165284951463462, 0.013488980588251435, -0.07134020534259322], [-0.013609499625230564, -0.007368746315533623, 0.999880234376942, 0.11230428763698734], [-0.016063952030029353, -0.99984218011653, -0.007587114405465175, -0.007402459901940939], [0.0, 0.0, 0.0, 1.0]], "neighbors": []}
{"sample_id": "c391d83a_stereo_camera_right_left_1775542418327016000", "session_id": "c391d83a-2958-40b6-a637-7f963e64f07f", "rig_id": "right", "camera_id": "left", "camera_name": "stereo_camera_right_left", "frame_id": "1775542418327016000", "timestamp": 1775542418.327016, "rgb_path": "/mnt/data/data/calder/output/dev_sessions/c391d83a-2958-40b6-a637-7f963e64f07f/nurec_run1/pycusfm_input/stereo_camera_right_left/1775542418327016000.jpeg", "gt_depth_path": "/mnt/data/data/calder/output/dev_sessions/c391d83a-2958-40b6-a637-7f963e64f07f/nurec_run1/depth/stereo_camera_right_left/1775542418327016000.png", "foundation_depth_path": null, "valid_mask_path": null, "confidence_path": null, "K": [[740.7389526367188, 0.0, 964.3911743164062], [0.0, 740.7389526367188, 566.250244140625], [0.0, 0.0, 1.0]], "world_T_cam": [[-0.9991143774486161, -0.03829851588406834, -0.017426544595586756, 0.04623847017393462], [0.01892506819131028, -0.039119687964821015, -0.999055299674392, -0.12543510939491806], [0.03758061427675797, -0.9985003123157312, 0.03980984471168836, 0.11252921091428358], [0.0, 0.0, 0.0, 1.0]], "body_T_cam": [[-0.9997501988092755, -0.01819139942696869, -0.012985105609984225, 0.05105758389689076], [0.013043503892861867, -0.0030952457713114834, -0.9999101391924238, -0.11665351394589274], [0.018149572639895903, -0.9998297317246091, 0.0033317521644747883, -2.8936383089372963e-06], [0.0, 0.0, 0.0, 1.0]], "neighbors": []}
{"sample_id": "c391d83a_stereo_camera_front_left_1775542418627038000", "session_id": "c391d83a-2958-40b6-a637-7f963e64f07f", "rig_id": "front", "camera_id": "left", "camera_name": "stereo_camera_front_left", "frame_id": "1775542418627038000", "timestamp": 1775542418.627038, "rgb_path": "/mnt/data/data/calder/output/dev_sessions/c391d83a-2958-40b6-a637-7f963e64f07f/nurec_run1/pycusfm_input/stereo_camera_front_left/1775542418627038000.jpeg", "gt_depth_path": "/mnt/data/data/calder/output/dev_sessions/c391d83a-2958-40b6-a637-7f963e64f07f/nurec_run1/depth/stereo_camera_front_left/1775542418627038000.png", "foundation_depth_path": null, "valid_mask_path": null, "confidence_path": null, "K": [[746.247802734375, 0.0, 945.3109741210938], [0.0, 746.247802734375, 544.086181640625], [0.0, 0.0, 1.0]], "world_T_cam": [[-0.017729933277139898, -0.02305591831906656, 0.9995769475615437, 0.09430162815396537], [-0.999003440773482, -0.040547694438152926, -0.01865502073154962, 0.043303167612391835], [0.04096064927137427, -0.9989115622046905, -0.022314033814009426, 0.2104775745308219], [0.0, 0.0, 0.0, 1.0]], "body_T_cam": [[-0.015507991007583155, -0.010666134427397278, 0.9998228522049721, 0.10241018892838313], [-0.9998472987259444, -0.00788998750282588, -0.015592540769150065, 0.05666027550426788], [0.008054901944845427, -0.9999119869636438, -0.01054214783983709, -0.006303469581055252], [0.0, 0.0, 0.0, 1.0]], "neighbors": []}
{"sample_id": "c391d83a_stereo_camera_left_left_1775542418627038000", "session_id": "c391d83a-2958-40b6-a637-7f963e64f07f", "rig_id": "left", "camera_id": "left", "camera_name": "stereo_camera_left_left", "frame_id": "1775542418627038000", "timestamp": 1775542418.627038, "rgb_path": "/mnt/data/data/calder/output/dev_sessions/c391d83a-2958-40b6-a637-7f963e64f07f/nurec_run1/pycusfm_input/stereo_camera_left_left/1775542418627038000.jpeg", "gt_depth_path": "/mnt/data/data/calder/output/dev_sessions/c391d83a-2958-40b6-a637-7f963e64f07f/nurec_run1/depth/stereo_camera_left_left/1775542418627038000.png", "foundation_depth_path": null, "valid_mask_path": null, "confidence_path": null, "K": [[728.093017578125, 0.0, 962.624755859375], [0.0, 728.093017578125, 543.66845703125], [0.0, 0.0, 1.0]], "world_T_cam": [[0.9994687233595067, -0.028552558332954572, 0.01571694750137316, -0.07931932251238605], [-0.01685345510315566, -0.04000945708773218, 0.9990571577215344, 0.0993550597095726], [-0.027896811237193585, -0.9987912668601924, -0.04046941025772734, 0.20969382883881016], [0.0, 0.0, 0.0, 1.0]], "body_T_cam": [[0.9997783409161892, -0.016165284951463462, 0.013488980588251435, -0.07134020534259322], [-0.013609499625230564, -0.007368746315533623, 0.999880234376942, 0.11230428763698734], [-0.016063952030029353, -0.99984218011653, -0.007587114405465175, -0.007402459901940939], [0.0, 0.0, 0.0, 1.0]], "neighbors": []}
{"sample_id": "c391d83a_stereo_camera_right_left_1775542418627038000", "session_id": "c391d83a-2958-40b6-a637-7f963e64f07f", "rig_id": "right", "camera_id": "left", "camera_name": "stereo_camera_right_left", "frame_id": "1775542418627038000", "timestamp": 1775542418.627038, "rgb_path": "/mnt/data/data/calder/output/dev_sessions/c391d83a-2958-40b6-a637-7f963e64f07f/nurec_run1/pycusfm_input/stereo_camera_right_left/1775542418627038000.jpeg", "gt_depth_path": "/mnt/data/data/calder/output/dev_sessions/c391d83a-2958-40b6-a637-7f963e64f07f/nurec_run1/depth/stereo_camera_right_left/1775542418627038000.png", "foundation_depth_path": null, "valid_mask_path": null, "confidence_path": null, "K": [[740.7389526367188, 0.0, 964.3911743164062], [0.0, 740.7389526367188, 566.250244140625], [0.0, 0.0, 1.0]], "world_T_cam": [[-0.9994160922063725, -0.030568430041414817, -0.015265835180125755, 0.04262841110293518], [0.016355874418962184, -0.03573232542672933, -0.9992275448022787, -0.12957131232060973], [0.029999333508176074, -0.998893774134368, 0.03621143444637076, 0.22307716745268819], [0.0, 0.0, 0.0, 1.0]], "body_T_cam": [[-0.9997501988092755, -0.01819139942696869, -0.012985105609984225, 0.05105758389689076], [0.013043503892861867, -0.0030952457713114834, -0.9999101391924238, -0.11665351394589274], [0.018149572639895903, -0.9998297317246091, 0.0033317521644747883, -2.8936383089372963e-06], [0.0, 0.0, 0.0, 1.0]], "neighbors": []}
{"sample_id": "c391d83a_stereo_camera_front_left_1775542418860465000", "session_id": "c391d83a-2958-40b6-a637-7f963e64f07f", "rig_id": "front", "camera_id": "left", "camera_name": "stereo_camera_front_left", "frame_id": "1775542418860465000", "timestamp": 1775542418.860465, "rgb_path": "/mnt/data/data/calder/output/dev_sessions/c391d83a-2958-40b6-a637-7f963e64f07f/nurec_run1/pycusfm_input/stereo_camera_front_left/1775542418860465000.jpeg", "gt_depth_path": "/mnt/data/data/calder/output/dev_sessions/c391d83a-2958-40b6-a637-7f963e64f07f/nurec_run1/depth/stereo_camera_front_left/1775542418860465000.png", "foundation_depth_path": null, "valid_mask_path": null, "confidence_path": null, "K": [[746.247802734375, 0.0, 945.3109741210938], [0.0, 746.247802734375, 544.086181640625], [0.0, 0.0, 1.0]], "world_T_cam": [[-0.03605944243937598, -0.03227768742059356, 0.998828247250617, 0.09808562502611651], [-0.9989856053308656, -0.025811003291885348, -0.03689922019217118, 0.02950041778300365], [0.026971780673240242, -0.9991456065078026, -0.03131421471903584, 0.3154930989105031], [0.0, 0.0, 0.0, 1.0]], "body_T_cam": [[-0.015507991007583155, -0.010666134427397278, 0.9998228522049721, 0.10241018892838313], [-0.9998472987259444, -0.00788998750282588, -0.015592540769150065, 0.05666027550426788], [0.008054901944845427, -0.9999119869636438, -0.01054214783983709, -0.006303469581055252], [0.0, 0.0, 0.0, 1.0]], "neighbors": []}
{"sample_id": "c391d83a_stereo_camera_left_left_1775542418860465000", "session_id": "c391d83a-2958-40b6-a637-7f963e64f07f", "rig_id": "left", "camera_id": "left", "camera_name": "stereo_camera_left_left", "frame_id": "1775542418860465000", "timestamp": 1775542418.860465, "rgb_path": "/mnt/data/data/calder/output/dev_sessions/c391d83a-2958-40b6-a637-7f963e64f07f/nurec_run1/pycusfm_input/stereo_camera_left_left/1775542418860465000.jpeg", "gt_depth_path": "/mnt/data/data/calder/output/dev_sessions/c391d83a-2958-40b6-a637-7f963e64f07f/nurec_run1/depth/stereo_camera_left_left/1775542418860465000.png", "foundation_depth_path": null, "valid_mask_path": null, "confidence_path": null, "K": [[728.093017578125, 0.0, 962.624755859375], [0.0, 728.093017578125, 543.66845703125], [0.0, 0.0, 1.0]], "world_T_cam": [[0.9987064047414449, -0.03776208442575736, 0.034052049985856106, -0.0744572513687321], [-0.03501623429701693, -0.025172527035358792, 0.9990696708529944, 0.08877339356666591], [-0.03686977710908604, -0.9989696536244111, -0.026462249969536052, 0.3170206860316654], [0.0, 0.0, 0.0, 1.0]], "body_T_cam": [[0.9997783409161892, -0.016165284951463462, 0.013488980588251435, -0.07134020534259322], [-0.013609499625230564, -0.007368746315533623, 0.999880234376942, 0.11230428763698734], [-0.016063952030029353, -0.99984218011653, -0.007587114405465175, -0.007402459901940939], [0.0, 0.0, 0.0, 1.0]], "neighbors": []}
{"sample_id": "c391d83a_stereo_camera_right_left_1775542418860465000", "session_id": "c391d83a-2958-40b6-a637-7f963e64f07f", "rig_id": "right", "camera_id": "left", "camera_name": "stereo_camera_right_left", "frame_id": "1775542418860465000", "timestamp": 1775542418.860465, "rgb_path": "/mnt/data/data/calder/output/dev_sessions/c391d83a-2958-40b6-a637-7f963e64f07f/nurec_run1/pycusfm_input/stereo_camera_right_left/1775542418860465000.jpeg", "gt_depth_path": "/mnt/data/data/calder/output/dev_sessions/c391d83a-2958-40b6-a637-7f963e64f07f/nurec_run1/depth/stereo_camera_right_left/1775542418860465000.png", "foundation_depth_path": null, "valid_mask_path": null, "confidence_path": null, "K": [[740.7389526367188, 0.0, 964.3911743164062], [0.0, 740.7389526367188, 566.250244140625], [0.0, 0.0, 1.0]], "world_T_cam": [[-0.9986452645614224, -0.03969842159080096, -0.03364031647065168, 0.043297512329343806], [0.03448771972614756, -0.020857656490258614, -0.9991874475561756, -0.14254694463318068], [0.03896450637615293, -0.9989939907171282, 0.022198507921239785, 0.32609615069125164], [0.0, 0.0, 0.0, 1.0]], "body_T_cam": [[-0.9997501988092755, -0.01819139942696869, -0.012985105609984225, 0.05105758389689076], [0.013043503892861867, -0.0030952457713114834, -0.9999101391924238, -0.11665351394589274], [0.018149572639895903, -0.9998297317246091, 0.0033317521644747883, -2.8936383089372963e-06], [0.0, 0.0, 0.0, 1.0]], "neighbors": []}
{"sample_id": "c391d83a_stereo_camera_front_left_1775542419093817000", "session_id": "c391d83a-2958-40b6-a637-7f963e64f07f", "rig_id": "front", "camera_id": "left", "camera_name": "stereo_camera_front_left", "frame_id": "1775542419093817000", "timestamp": 1775542419.093817, "rgb_path": "/mnt/data/data/calder/output/dev_sessions/c391d83a-2958-40b6-a637-7f963e64f07f/nurec_run1/pycusfm_input/stereo_camera_front_left/1775542419093817000.jpeg", "gt_depth_path": "/mnt/data/data/calder/output/dev_sessions/c391d83a-2958-40b6-a637-7f963e64f07f/nurec_run1/depth/stereo_camera_front_left/1775542419093817000.png", "foundation_depth_path": null, "valid_mask_path": null, "confidence_path": null, "K": [[746.247802734375, 0.0, 945.3109741210938], [0.0, 746.247802734375, 544.086181640625], [0.0, 0.0, 1.0]], "world_T_cam": [[-0.04806195475957842, -0.05470434927623774, 0.9973452174021549, 0.11563060631538495], [-0.9985660978106754, -0.020935688284234977, -0.049269110599094446, 0.010674868474969096], [0.023575343218046496, -0.998283091676068, -0.05361969848686754, 0.4208357211726483], [0.0, 0.0, 0.0, 1.0]], "body_T_cam": [[-0.015507991007583155, -0.010666134427397278, 0.9998228522049721, 0.10241018892838313], [-0.9998472987259444, -0.00788998750282588, -0.015592540769150065, 0.05666027550426788], [0.008054901944845427, -0.9999119869636438, -0.01054214783983709, -0.006303469581055252], [0.0, 0.0, 0.0, 1.0]], "neighbors": []}
{"sample_id": "c391d83a_stereo_camera_left_left_1775542419093817000", "session_id": "c391d83a-2958-40b6-a637-7f963e64f07f", "rig_id": "left", "camera_id": "left", "camera_name": "stereo_camera_left_left", "frame_id": "1775542419093817000", "timestamp": 1775542419.093817, "rgb_path": "/mnt/data/data/calder/output/dev_sessions/c391d83a-2958-40b6-a637-7f963e64f07f/nurec_run1/pycusfm_input/stereo_camera_left_left/1775542419093817000.jpeg", "gt_depth_path": "/mnt/data/data/calder/output/dev_sessions/c391d83a-2958-40b6-a637-7f963e64f07f/nurec_run1/depth/stereo_camera_left_left/1775542419093817000.png", "foundation_depth_path": null, "valid_mask_path": null, "confidence_path": null, "K": [[728.093017578125, 0.0, 962.624755859375], [0.0, 728.093017578125, 543.66845703125], [0.0, 0.0, 1.0]], "world_T_cam": [[0.99712423932618, -0.06017501206136108, 0.046067551178705965, -0.05607419858739421], [-0.04735991773136958, -0.020229347559462596, 0.9986730254141225, 0.07209736538195827], [-0.05916324484564339, -0.9979828362355405, -0.023021056418004282, 0.4264393112969184], [0.0, 0.0, 0.0, 1.0]], "body_T_cam": [[0.9997783409161892, -0.016165284951463462, 0.013488980588251435, -0.07134020534259322], [-0.013609499625230564, -0.007368746315533623, 0.999880234376942, 0.11230428763698734], [-0.016063952030029353, -0.99984218011653, -0.007587114405465175, -0.007402459901940939], [0.0, 0.0, 0.0, 1.0]], "neighbors": []}
{"sample_id": "c391d83a_stereo_camera_right_left_1775542419093817000", "session_id": "c391d83a-2958-40b6-a637-7f963e64f07f", "rig_id": "right", "camera_id": "left", "camera_name": "stereo_camera_right_left", "frame_id": "1775542419093817000", "timestamp": 1775542419.093817, "rgb_path": "/mnt/data/data/calder/output/dev_sessions/c391d83a-2958-40b6-a637-7f963e64f07f/nurec_run1/pycusfm_input/stereo_camera_right_left/1775542419093817000.jpeg", "gt_depth_path": "/mnt/data/data/calder/output/dev_sessions/c391d83a-2958-40b6-a637-7f963e64f07f/nurec_run1/depth/stereo_camera_right_left/1775542419093817000.png", "foundation_depth_path": null, "valid_mask_path": null, "confidence_path": null, "K": [[740.7389526367188, 0.0, 964.3911743164062], [0.0, 740.7389526367188, 566.250244140625], [0.0, 0.0, 1.0]], "world_T_cam": [[-0.9970234341137704, -0.06205678870592109, -0.04575179563135061, 0.058923014861710844], [0.04682131532842369, -0.01589049173117818, -0.9987768803408786, -0.16071831395065517], [0.0612538672975064, -0.9979461144009981, 0.018748773107845063, 0.4319299991502927], [0.0, 0.0, 0.0, 1.0]], "body_T_cam": [[-0.9997501988092755, -0.01819139942696869, -0.012985105609984225, 0.05105758389689076], [0.013043503892861867, -0.0030952457713114834, -0.9999101391924238, -0.11665351394589274], [0.018149572639895903, -0.9998297317246091, 0.0033317521644747883, -2.8936383089372963e-06], [0.0, 0.0, 0.0, 1.0]], "neighbors": []}
{"sample_id": "c391d83a_stereo_camera_front_left_1775542419293848000", "session_id": "c391d83a-2958-40b6-a637-7f963e64f07f", "rig_id": "front", "camera_id": "left", "camera_name": "stereo_camera_front_left", "frame_id": "1775542419293848000", "timestamp": 1775542419.293848, "rgb_path": "/mnt/data/data/calder/output/dev_sessions/c391d83a-2958-40b6-a637-7f963e64f07f/nurec_run1/pycusfm_input/stereo_camera_front_left/1775542419293848000.jpeg", "gt_depth_path": "/mnt/data/data/calder/output/dev_sessions/c391d83a-2958-40b6-a637-7f963e64f07f/nurec_run1/depth/stereo_camera_front_left/1775542419293848000.png", "foundation_depth_path": null, "valid_mask_path": null, "confidence_path": null, "K": [[746.247802734375, 0.0, 945.3109741210938], [0.0, 746.247802734375, 544.086181640625], [0.0, 0.0, 1.0]], "world_T_cam": [[-0.06498273210169969, -0.08246425169193994, 0.9944731729521353, 0.13844301960726058], [-0.9973805991016155, -0.026358689468656826, -0.06735844434959987, -0.007687124102531466], [0.0317676732591784, -0.9962453847734423, -0.08053538510067937, 0.515196363814438], [0.0, 0.0, 0.0, 1.0]], "body_T_cam": [[-0.015507991007583155, -0.010666134427397278, 0.9998228522049721, 0.10241018892838313], [-0.9998472987259444, -0.00788998750282588, -0.015592540769150065, 0.05666027550426788], [0.008054901944845427, -0.9999119869636438, -0.01054214783983709, -0.006303469581055252], [0.0, 0.0, 0.0, 1.0]], "neighbors": []}
{"sample_id": "c391d83a_stereo_camera_left_left_1775542419293848000", "session_id": "c391d83a-2958-40b6-a637-7f963e64f07f", "rig_id": "left", "camera_id": "left", "camera_name": "stereo_camera_left_left", "frame_id": "1775542419293848000", "timestamp": 1775542419.293848, "rgb_path": "/mnt/data/data/calder/output/dev_sessions/c391d83a-2958-40b6-a637-7f963e64f07f/nurec_run1/pycusfm_input/stereo_camera_left_left/1775542419293848000.jpeg", "gt_depth_path": "/mnt/data/data/calder/output/dev_sessions/c391d83a-2958-40b6-a637-7f963e64f07f/nurec_run1/depth/stereo_camera_left_left/1775542419293848000.png", "foundation_depth_path": null, "valid_mask_path": null, "confidence_path": null, "K": [[728.093017578125, 0.0, 962.624755859375], [0.0, 728.093017578125, 543.66845703125], [0.0, 0.0, 1.0]], "world_T_cam": [[0.9941336846023735, -0.08791130850866083, 0.06300649946793682, -0.031934207286878374], [-0.06548120240554589, -0.02555316338595389, 0.9975265650460114, 0.056816929628871346], [-0.08608385023006346, -0.9958005009424657, -0.03115979865631682, 0.5250701160571652], [0.0, 0.0, 0.0, 1.0]], "body_T_cam": [[0.9997783409161892, -0.016165284951463462, 0.013488980588251435, -0.07134020534259322], [-0.013609499625230564, -0.007368746315533623, 0.999880234376942, 0.11230428763698734], [-0.016063952030029353, -0.99984218011653, -0.007587114405465175, -0.007402459901940939], [0.0, 0.0, 0.0, 1.0]], "neighbors": []}
{"sample_id": "c391d83a_stereo_camera_right_left_1775542419293848000", "session_id": "c391d83a-2958-40b6-a637-7f963e64f07f", "rig_id": "right", "camera_id": "left", "camera_name": "stereo_camera_right_left", "frame_id": "1775542419293848000", "timestamp": 1775542419.293848, "rgb_path": "/mnt/data/data/calder/output/dev_sessions/c391d83a-2958-40b6-a637-7f963e64f07f/nurec_run1/pycusfm_input/stereo_camera_right_left/1775542419293848000.jpeg", "gt_depth_path": "/mnt/data/data/calder/output/dev_sessions/c391d83a-2958-40b6-a637-7f963e64f07f/nurec_run1/depth/stereo_camera_right_left/1775542419293848000.png", "foundation_depth_path": null, "valid_mask_path": null, "confidence_path": null, "K": [[740.7389526367188, 0.0, 964.3911743164062], [0.0, 740.7389526367188, 566.250244140625], [0.0, 0.0, 1.0]], "world_T_cam": [[-0.9939849990068287, -0.08971462716657404, -0.06281009012696573, 0.07905055091426022], [0.064954306126572, -0.02118135016663958, -0.9976634144443376, -0.177969004630175], [0.0881745987516275, -0.9957422538375486, 0.02688129568135933, 0.5290192701957195], [0.0, 0.0, 0.0, 1.0]], "body_T_cam": [[-0.9997501988092755, -0.01819139942696869, -0.012985105609984225, 0.05105758389689076], [0.013043503892861867, -0.0030952457713114834, -0.9999101391924238, -0.11665351394589274], [0.018149572639895903, -0.9998297317246091, 0.0033317521644747883, -2.8936383089372963e-06], [0.0, 0.0, 0.0, 1.0]], "neighbors": []}
{"sample_id": "c391d83a_stereo_camera_front_left_1775542419527242000", "session_id": "c391d83a-2958-40b6-a637-7f963e64f07f", "rig_id": "front", "camera_id": "left", "camera_name": "stereo_camera_front_left", "frame_id": "1775542419527242000", "timestamp": 1775542419.527242, "rgb_path": "/mnt/data/data/calder/output/dev_sessions/c391d83a-2958-40b6-a637-7f963e64f07f/nurec_run1/pycusfm_input/stereo_camera_front_left/1775542419527242000.jpeg", "gt_depth_path": "/mnt/data/data/calder/output/dev_sessions/c391d83a-2958-40b6-a637-7f963e64f07f/nurec_run1/depth/stereo_camera_front_left/1775542419527242000.png", "foundation_depth_path": null, "valid_mask_path": null, "confidence_path": null, "K": [[746.247802734375, 0.0, 945.3109741210938], [0.0, 746.247802734375, 544.086181640625], [0.0, 0.0, 1.0]], "world_T_cam": [[-0.06293382032900185, -0.08367833267007102, 0.994503529858167, 0.17491193253883475], [-0.9972773814251492, -0.033101818651255166, -0.06589456805972133, -0.017142592654148206], [0.03843382308065024, -0.995942872981948, -0.08136728457966946, 0.6135440459391073], [0.0, 0.0, 0.0, 1.0]], "body_T_cam": [[-0.015507991007583155, -0.010666134427397278, 0.9998228522049721, 0.10241018892838313], [-0.9998472987259444, -0.00788998750282588, -0.015592540769150065, 0.05666027550426788], [0.008054901944845427, -0.9999119869636438, -0.01054214783983709, -0.006303469581055252], [0.0, 0.0, 0.0, 1.0]], "neighbors": []}
{"sample_id": "c391d83a_stereo_camera_left_left_1775542419527242000", "session_id": "c391d83a-2958-40b6-a637-7f963e64f07f", "rig_id": "left", "camera_id": "left", "camera_name": "stereo_camera_left_left", "frame_id": "1775542419527242000", "timestamp": 1775542419.527242, "rgb_path": "/mnt/data/data/calder/output/dev_sessions/c391d83a-2958-40b6-a637-7f963e64f07f/nurec_run1/pycusfm_input/stereo_camera_left_left/1775542419527242000.jpeg", "gt_depth_path": "/mnt/data/data/calder/output/dev_sessions/c391d83a-2958-40b6-a637-7f963e64f07f/nurec_run1/depth/stereo_camera_left_left/1775542419527242000.png", "foundation_depth_path": null, "valid_mask_path": null, "confidence_path": null, "K": [[728.093017578125, 0.0, 962.624755859375], [0.0, 728.093017578125, 543.66845703125], [0.0, 0.0, 1.0]], "world_T_cam": [[0.9941532039055622, -0.08912643006755044, 0.06095807270345891, 0.004417865384252012], [-0.06405468914485055, -0.03230429623525274, 0.9974233951754399, 0.04708349233411864], [-0.08692757883929997, -0.9954963143619162, -0.037824385374758095, 0.6232108162084333], [0.0, 0.0, 0.0, 1.0]], "body_T_cam": [[0.9997783409161892, -0.016165284951463462, 0.013488980588251435, -0.07134020534259322], [-0.013609499625230564, -0.007368746315533623, 0.999880234376942, 0.11230428763698734], [-0.016063952030029353, -0.99984218011653, -0.007587114405465175, -0.007402459901940939], [0.0, 0.0, 0.0, 1.0]], "neighbors": []}
{"sample_id": "c391d83a_stereo_camera_right_left_1775542419527242000", "session_id": "c391d83a-2958-40b6-a637-7f963e64f07f", "rig_id": "right", "camera_id": "left", "camera_name": "stereo_camera_right_left", "frame_id": "1775542419527242000", "timestamp": 1775542419.527242, "rgb_path": "/mnt/data/data/calder/output/dev_sessions/c391d83a-2958-40b6-a637-7f963e64f07f/nurec_run1/pycusfm_input/stereo_camera_right_left/1775542419527242000.jpeg", "gt_depth_path": "/mnt/data/data/calder/output/dev_sessions/c391d83a-2958-40b6-a637-7f963e64f07f/nurec_run1/depth/stereo_camera_right_left/1775542419527242000.png", "foundation_depth_path": null, "valid_mask_path": null, "confidence_path": null, "K": [[740.7389526367188, 0.0, 964.3911743164062], [0.0, 740.7389526367188, 566.250244140625], [0.0, 0.0, 1.0]], "world_T_cam": [[-0.9940007979985837, -0.09093847254125854, -0.06076683133126033, 0.11588009491728823], [0.06354190917167109, -0.027935818415292135, -0.997588099281606, -0.1874482336533222], [0.08902156680826383, -0.9954646072369078, 0.033546629959971486, 0.6285669519558942], [0.0, 0.0, 0.0, 1.0]], "body_T_cam": [[-0.9997501988092755, -0.01819139942696869, -0.012985105609984225, 0.05105758389689076], [0.013043503892861867, -0.0030952457713114834, -0.9999101391924238, -0.11665351394589274], [0.018149572639895903, -0.9998297317246091, 0.0033317521644747883, -2.8936383089372963e-06], [0.0, 0.0, 0.0, 1.0]], "neighbors": []}
{"sample_id": "c391d83a_stereo_camera_front_left_1775542419793939000", "session_id": "c391d83a-2958-40b6-a637-7f963e64f07f", "rig_id": "front", "camera_id": "left", "camera_name": "stereo_camera_front_left", "frame_id": "1775542419793939000", "timestamp": 1775542419.793939, "rgb_path": "/mnt/data/data/calder/output/dev_sessions/c391d83a-2958-40b6-a637-7f963e64f07f/nurec_run1/pycusfm_input/stereo_camera_front_left/1775542419793939000.jpeg", "gt_depth_path": "/mnt/data/data/calder/output/dev_sessions/c391d83a-2958-40b6-a637-7f963e64f07f/nurec_run1/depth/stereo_camera_front_left/1775542419793939000.png", "foundation_depth_path": null, "valid_mask_path": null, "confidence_path": null, "K": [[746.247802734375, 0.0, 945.3109741210938], [0.0, 746.247802734375, 544.086181640625], [0.0, 0.0, 1.0]], "world_T_cam": [[-0.059113331741612374, -0.030276448857990468, 0.997792037778893, 0.23959461261236162], [-0.9974044304687986, -0.03937151932011973, -0.06028503585167183, -0.01974094453890802], [0.04110980529773889, -0.9987658484905135, -0.02787048254707991, 0.6993653628540349], [0.0, 0.0, 0.0, 1.0]], "body_T_cam": [[-0.015507991007583155, -0.010666134427397278, 0.9998228522049721, 0.10241018892838313], [-0.9998472987259444, -0.00788998750282588, -0.015592540769150065, 0.05666027550426788], [0.008054901944845427, -0.9999119869636438, -0.01054214783983709, -0.006303469581055252], [0.0, 0.0, 0.0, 1.0]], "neighbors": []}
{"sample_id": "c391d83a_stereo_camera_left_left_1775542419793939000", "session_id": "c391d83a-2958-40b6-a637-7f963e64f07f", "rig_id": "left", "camera_id": "left", "camera_name": "stereo_camera_left_left", "frame_id": "1775542419793939000", "timestamp": 1775542419.793939, "rgb_path": "/mnt/data/data/calder/output/dev_sessions/c391d83a-2958-40b6-a637-7f963e64f07f/nurec_run1/pycusfm_input/stereo_camera_left_left/1775542419793939000.jpeg", "gt_depth_path": "/mnt/data/data/calder/output/dev_sessions/c391d83a-2958-40b6-a637-7f963e64f07f/nurec_run1/depth/stereo_camera_left_left/1775542419793939000.png", "foundation_depth_path": null, "valid_mask_path": null, "confidence_path": null, "K": [[728.093017578125, 0.0, 962.624755859375], [0.0, 728.093017578125, 543.66845703125], [0.0, 0.0, 1.0]], "world_T_cam": [[0.9977279515164534, -0.03574513416734744, 0.057107093658665106, 0.06845836243209022], [-0.058479517914273, -0.038604737847241194, 0.9975418889451511, 0.043496823450610775], [-0.033452664277983005, -0.9986150207157432, -0.04060738422504515, 0.699544106275485], [0.0, 0.0, 0.0, 1.0]], "body_T_cam": [[0.9997783409161892, -0.016165284951463462, 0.013488980588251435, -0.07134020534259322], [-0.013609499625230564, -0.007368746315533623, 0.999880234376942, 0.11230428763698734], [-0.016063952030029353, -0.99984218011653, -0.007587114405465175, -0.007402459901940939], [0.0, 0.0, 0.0, 1.0]], "neighbors": []}
{"sample_id": "c391d83a_stereo_camera_right_left_1775542419793939000", "session_id": "c391d83a-2958-40b6-a637-7f963e64f07f", "rig_id": "right", "camera_id": "left", "camera_name": "stereo_camera_right_left", "frame_id": "1775542419793939000", "timestamp": 1775542419.793939, "rgb_path": "/mnt/data/data/calder/output/dev_sessions/c391d83a-2958-40b6-a637-7f963e64f07f/nurec_run1/pycusfm_input/stereo_camera_right_left/1775542419793939000.jpeg", "gt_depth_path": "/mnt/data/data/calder/output/dev_sessions/c391d83a-2958-40b6-a637-7f963e64f07f/nurec_run1/depth/stereo_camera_right_left/1775542419793939000.png", "foundation_depth_path": null, "valid_mask_path": null, "confidence_path": null, "K": [[740.7389526367188, 0.0, 964.3911743164062], [0.0, 740.7389526367188, 566.250244140625], [0.0, 0.0, 1.0]], "world_T_cam": [[-0.9976844156172264, -0.03758157310374271, -0.05668714314164495, 0.18083371965295558], [0.05797979691898549, -0.03424730528918418, -0.9977301565201196, -0.19031444393738967], [0.035554886917925944, -0.9987065371987295, 0.03634697474035531, 0.7122609309250733], [0.0, 0.0, 0.0, 1.0]], "body_T_cam": [[-0.9997501988092755, -0.01819139942696869, -0.012985105609984225, 0.05105758389689076], [0.013043503892861867, -0.0030952457713114834, -0.9999101391924238, -0.11665351394589274], [0.018149572639895903, -0.9998297317246091, 0.0033317521644747883, -2.8936383089372963e-06], [0.0, 0.0, 0.0, 1.0]], "neighbors": []}
{"sample_id": "c391d83a_stereo_camera_front_left_1775542419993934000", "session_id": "c391d83a-2958-40b6-a637-7f963e64f07f", "rig_id": "front", "camera_id": "left", "camera_name": "stereo_camera_front_left", "frame_id": "1775542419993934000", "timestamp": 1775542419.993934, "rgb_path": "/mnt/data/data/calder/output/dev_sessions/c391d83a-2958-40b6-a637-7f963e64f07f/nurec_run1/pycusfm_input/stereo_camera_front_left/1775542419993934000.jpeg", "gt_depth_path": "/mnt/data/data/calder/output/dev_sessions/c391d83a-2958-40b6-a637-7f963e64f07f/nurec_run1/depth/stereo_camera_front_left/1775542419993934000.png", "foundation_depth_path": null, "valid_mask_path": null, "confidence_path": null, "K": [[746.247802734375, 0.0, 945.3109741210938], [0.0, 746.247802734375, 544.086181640625], [0.0, 0.0, 1.0]], "world_T_cam": [[-0.06657194500300245, 0.021953491466020825, 0.9975400845835561, 0.3050925909813871], [-0.9970459172166501, -0.03984899986879398, -0.06566198421511099, -0.020853755628496326], [0.038309464889578426, -0.9989645145959432, 0.02454146446253669, 0.7334939295993288], [0.0, 0.0, 0.0, 1.0]], "body_T_cam": [[-0.015507991007583155, -0.010666134427397278, 0.9998228522049721, 0.10241018892838313], [-0.9998472987259444, -0.00788998750282588, -0.015592540769150065, 0.05666027550426788], [0.008054901944845427, -0.9999119869636438, -0.01054214783983709, -0.006303469581055252], [0.0, 0.0, 0.0, 1.0]], "neighbors": []}
