{"sample_id": "c391d83a_stereo_camera_front_left_1775542417326872000", "session_id": "c391d83a-2958-40b6-a637-7f963e64f07f", "rig_id": "front", "camera_id": "left", "camera_name": "stereo_camera_front_left", "frame_id": "1775542417326872000", "timestamp": 1775542417.326872, "rgb_path": "/mnt/data/data/calder/output/dev_sessions/c391d83a-2958-40b6-a637-7f963e64f07f/nurec_run1/pycusfm_input/stereo_camera_front_left/1775542417326872000.jpeg", "gt_depth_path": "/mnt/data/data/calder/output/dev_sessions/c391d83a-2958-40b6-a637-7f963e64f07f/nurec_run1/depth/stereo_camera_front_left/1775542417326872000.png", "foundation_depth_path": null, "valid_mask_path": null, "confidence_path": null, "K": [[746.247802734375, 0.0, 945.3109741210938], [0.0, 746.247802734375, 544.086181640625], [0.0, 0.0, 1.0]], "world_T_cam": [[-0.02349046577738073, -0.007061333799980696, 0.9996991225276369, 0.10543214774653649], [-0.9997074274081785, -0.005602471301077494, -0.02353023374814117, 0.0561831716753717], [0.005766940478560856, -0.9999593741149118, -0.006927663186882205, -0.006224675368963442], [0.0, 0.0, 0.0, 1.0]], "body_T_cam": [[-0.015507991007583155, -0.010666134427397278, 0.9998228522049721, 0.10241018892838313], [-0.9998472987259444, -0.00788998750282588, -0.015592540769150065, 0.05666027550426788], [0.008054901944845427, -0.9999119869636438, -0.01054214783983709, -0.006303469581055252], [0.0, 0.0, 0.0, 1.0]], "neighbors": []}
{"sample_id": "c391d83a_stereo_camera_right_left_1775542417326872000", "session_id": "c391d83a-2958-40b6-a637-7f963e64f07f", "rig_id": "right", "camera_id": "left", "camera_name": "stereo_camera_right_left", "frame_id": "1775542417326872000", "timestamp": 1775542417.326872, "rgb_path": "/mnt/data/data/calder/output/dev_sessions/c391d83a-2958-40b6-a637-7f963e64f07f/nurec_run1/pycusfm_input/stereo_camera_right_left/1775542417326872000.jpeg", "gt_depth_path": "/mnt/data/data/calder/output/dev_sessions/c391d83a-2958-40b6-a637-7f963e64f07f/nurec_run1/depth/stereo_camera_right_left/1775542417326872000.png", "foundation_depth_path": null, "valid_mask_path": null, "confidence_path": null, "K": [[740.7389526367188, 0.0, 964.3911743164062], [0.0, 740.7389526367188, 566.250244140625], [0.0, 0.0, 1.0]], "world_T_cam": [[-0.9996746489089358, -0.014548470823221868, -0.02095085500646255, 0.05267973893587356], [0.02096394992796652, -0.000748151786776563, -0.9997799523256713, -0.11672966636387865], [0.0145295950464446, -0.9998938855026617, 0.0010529017886431458, -0.0004983571635154889], [0.0, 0.0, 0.0, 1.0]], "body_T_cam": [[-0.9997501988092755, -0.01819139942696869, -0.012985105609984225, 0.05105758389689076], [0.013043503892861867, -0.0030952457713114834, -0.9999101391924238, -0.11665351394589274], [0.018149572639895903, -0.9998297317246091, 0.0033317521644747883, -2.8936383089372963e-06], [0.0, 0.0, 0.0, 1.0]], "neighbors": []}
{"sample_id": "c391d83a_stereo_camera_right_left_1775542417860283000", "session_id": "c391d83a-2958-40b6-a637-7f963e64f07f", "rig_id": "right", "camera_id": "left", "camera_name": "stereo_camera_right_left", "frame_id": "1775542417860283000", "timestamp": 1775542417.860283, "rgb_path": "/mnt/data/data/calder/output/dev_sessions/c391d83a-2958-40b6-a637-7f963e64f07f/nurec_run1/pycusfm_input/stereo_camera_right_left/1775542417860283000.jpeg", "gt_depth_path": "/mnt/data/data/calder/output/dev_sessions/c391d83a-2958-40b6-a637-7f963e64f07f/nurec_run1/depth/stereo_camera_right_left/1775542417860283000.png", "foundation_depth_path": null, "valid_mask_path": null, "confidence_path": null, "K": [[740.7389526367188, 0.0, 964.3911743164062], [0.0, 740.7389526367188, 566.250244140625], [0.0, 0.0, 1.0]], "world_T_cam": [[-0.9971511491167941, -0.07521825315848574, -0.005639167211828569, 0.05130356955883542], [0.007653888260968765, -0.026523687528284157, -0.9996188833722535, -0.11432673968515893], [0.0750400147224507, -0.9968142797892134, 0.02702383760250382, 0.007918478230985153], [0.0, 0.0, 0.0, 1.0]], "body_T_cam": [[-0.9997501988092755, -0.01819139942696869, -0.012985105609984225, 0.05105758389689076], [0.013043503892861867, -0.0030952457713114834, -0.9999101391924238, -0.11665351394589274], [0.018149572639895903, -0.9998297317246091, 0.0033317521644747883, -2.8936383089372963e-06], [0.0, 0.0, 0.0, 1.0]], "neighbors": []}
{"sample_id": "c391d83a_stereo_camera_right_left_1775542418327016000", "session_id": "c391d83a-2958-40b6-a637-7f963e64f07f", "rig_id": "right", "camera_id": "left", "camera_name": "stereo_camera_right_left", "frame_id": "1775542418327016000", "timestamp": 1775542418.327016, "rgb_path": "/mnt/data/data/calder/output/dev_sessions/c391d83a-2958-40b6-a637-7f963e64f07f/nurec_run1/pycusfm_input/stereo_camera_right_left/1775542418327016000.jpeg", "gt_depth_path": "/mnt/data/data/calder/output/dev_sessions/c391d83a-2958-40b6-a637-7f963e64f07f/nurec_run1/depth/stereo_camera_right_left/1775542418327016000.png", "foundation_depth_path": null, "valid_mask_path": null, "confidence_path": null, "K": [[740.7389526367188, 0.0, 964.3911743164062], [0.0, 740.7389526367188, 566.250244140625], [0.0, 0.0, 1.0]], "world_T_cam": [[-0.9991143774486161, -0.03829851588406834, -0.017426544595586756, 0.04623847017393462], [0.01892506819131028, -0.039119687964821015, -0.999055299674392, -0.12543510939491806], [0.03758061427675797, -0.9985003123157312, 0.03980984471168836, 0.11252921091428358], [0.0, 0.0, 0.0, 1.0]], "body_T_cam": [[-0.9997501988092755, -0.01819139942696869, -0.012985105609984225, 0.05105758389689076], [0.013043503892861867, -0.0030952457713114834, -0.9999101391924238, -0.11665351394589274], [0.018149572639895903, -0.9998297317246091, 0.0033317521644747883, -2.8936383089372963e-06], [0.0, 0.0, 0.0, 1.0]], "neighbors": []}
{"sample_id": "c391d83a_stereo_camera_front_left_1775542418627038000", "session_id": "c391d83a-2958-40b6-a637-7f963e64f07f", "rig_id": "front", "camera_id": "left", "camera_name": "stereo_camera_front_left", "frame_id": "1775542418627038000", "timestamp": 1775542418.627038, "rgb_path": "/mnt/data/data/calder/output/dev_sessions/c391d83a-2958-40b6-a637-7f963e64f07f/nurec_run1/pycusfm_input/stereo_camera_front_left/1775542418627038000.jpeg", "gt_depth_path": "/mnt/data/data/calder/output/dev_sessions/c391d83a-2958-40b6-a637-7f963e64f07f/nurec_run1/depth/stereo_camera_front_left/1775542418627038000.png", "foundation_depth_path": null, "valid_mask_path": null, "confidence_path": null, "K": [[746.247802734375, 0.0, 945.3109741210938], [0.0, 746.247802734375, 544.086181640625], [0.0, 0.0, 1.0]], "world_T_cam": [[-0.017729933277139898, -0.02305591831906656, 0.9995769475615437, 0.09430162815396537], [-0.999003440773482, -0.040547694438152926, -0.01865502073154962, 0.043303167612391835], [0.04096064927137427, -0.9989115622046905, -0.022314033814009426, 0.2104775745308219], [0.0, 0.0, 0.0, 1.0]], "body_T_cam": [[-0.015507991007583155, -0.010666134427397278, 0.9998228522049721, 0.10241018892838313], [-0.9998472987259444, -0.00788998750282588, -0.015592540769150065, 0.05666027550426788], [0.008054901944845427, -0.9999119869636438, -0.01054214783983709, -0.006303469581055252], [0.0, 0.0, 0.0, 1.0]], "neighbors": []}
{"sample_id": "c391d83a_stereo_camera_left_left_1775542418627038000", "session_id": "c391d83a-2958-40b6-a637-7f963e64f07f", "rig_id": "left", "camera_id": "left", "camera_name": "stereo_camera_left_left", "frame_id": "1775542418627038000", "timestamp": 1775542418.627038, "rgb_path": "/mnt/data/data/calder/output/dev_sessions/c391d83a-2958-40b6-a637-7f963e64f07f/nurec_run1/pycusfm_input/stereo_camera_left_left/1775542418627038000.jpeg", "gt_depth_path": "/mnt/data/data/calder/output/dev_sessions/c391d83a-2958-40b6-a637-7f963e64f07f/nurec_run1/depth/stereo_camera_left_left/1775542418627038000.png", "foundation_depth_path": null, "valid_mask_path": null, "confidence_path": null, "K": [[728.093017578125, 0.0, 962.624755859375], [0.0, 728.093017578125, 543.66845703125], [0.0, 0.0, 1.0]], "world_T_cam": [[0.9994687233595067, -0.028552558332954572, 0.01571694750137316, -0.07931932251238605], [-0.01685345510315566, -0.04000945708773218, 0.9990571577215344, 0.0993550597095726], [-0.027896811237193585, -0.9987912668601924, -0.04046941025772734, 0.20969382883881016], [0.0, 0.0, 0.0, 1.0]], "body_T_cam": [[0.9997783409161892, -0.016165284951463462, 0.013488980588251435, -0.07134020534259322], [-0.013609499625230564, -0.007368746315533623, 0.999880234376942, 0.11230428763698734], [-0.016063952030029353, -0.99984218011653, -0.007587114405465175, -0.007402459901940939], [0.0, 0.0, 0.0, 1.0]], "neighbors": []}
{"sample_id": "c391d83a_stereo_camera_right_left_1775542418627038000", "session_id": "c391d83a-2958-40b6-a637-7f963e64f07f", "rig_id": "right", "camera_id": "left", "camera_name": "stereo_camera_right_left", "frame_id": "1775542418627038000", "timestamp": 1775542418.627038, "rgb_path": "/mnt/data/data/calder/output/dev_sessions/c391d83a-2958-40b6-a637-7f963e64f07f/nurec_run1/pycusfm_input/stereo_camera_right_left/1775542418627038000.jpeg", "gt_depth_path": "/mnt/data/data/calder/output/dev_sessions/c391d83a-2958-40b6-a637-7f963e64f07f/nurec_run1/depth/stereo_camera_right_left/1775542418627038000.png", "foundation_depth_path": null, "valid_mask_path": null, "confidence_path": null, "K": [[740.7389526367188, 0.0, 964.3911743164062], [0.0, 740.7389526367188, 566.250244140625], [0.0, 0.0, 1.0]], "world_T_cam": [[-0.9994160922063725, -0.030568430041414817, -0.015265835180125755, 0.04262841110293518], [0.016355874418962184, -0.03573232542672933, -0.9992275448022787, -0.12957131232060973], [0.029999333508176074, -0.998893774134368, 0.03621143444637076, 0.22307716745268819], [0.0, 0.0, 0.0, 1.0]], "body_T_cam": [[-0.9997501988092755, -0.01819139942696869, -0.012985105609984225, 0.05105758389689076], [0.013043503892861867, -0.0030952457713114834, -0.9999101391924238, -0.11665351394589274], [0.018149572639895903, -0.9998297317246091, 0.0033317521644747883, -2.8936383089372963e-06], [0.0, 0.0, 0.0, 1.0]], "neighbors": []}
{"sample_id": "c391d83a_stereo_camera_front_left_1775542418860465000", "session_id": "c391d83a-2958-40b6-a637-7f963e64f07f", "rig_id": "front", "camera_id": "left", "camera_name": "stereo_camera_front_left", "frame_id": "1775542418860465000", "timestamp": 1775542418.860465, "rgb_path": "/mnt/data/data/calder/output/dev_sessions/c391d83a-2958-40b6-a637-7f963e64f07f/nurec_run1/pycusfm_input/stereo_camera_front_left/1775542418860465000.jpeg", "gt_depth_path": "/mnt/data/data/calder/output/dev_sessions/c391d83a-2958-40b6-a637-7f963e64f07f/nurec_run1/depth/stereo_camera_front_left/1775542418860465000.png", "foundation_depth_path": null, "valid_mask_path": null, "confidence_path": null, "K": [[746.247802734375, 0.0, 945.3109741210938], [0.0, 746.247802734375, 544.086181640625], [0.0, 0.0, 1.0]], "world_T_cam": [[-0.03605944243937598, -0.03227768742059356, 0.998828247250617, 0.09808562502611651], [-0.9989856053308656, -0.025811003291885348, -0.03689922019217118, 0.02950041778300365], [0.026971780673240242, -0.9991456065078026, -0.03131421471903584, 0.3154930989105031], [0.0, 0.0, 0.0, 1.0]], "body_T_cam": [[-0.015507991007583155, -0.010666134427397278, 0.9998228522049721, 0.10241018892838313], [-0.9998472987259444, -0.00788998750282588, -0.015592540769150065, 0.05666027550426788], [0.008054901944845427, -0.9999119869636438, -0.01054214783983709, -0.006303469581055252], [0.0, 0.0, 0.0, 1.0]], "neighbors": []}
{"sample_id": "c391d83a_stereo_camera_front_left_1775542419093817000", "session_id": "c391d83a-2958-40b6-a637-7f963e64f07f", "rig_id": "front", "camera_id": "left", "camera_name": "stereo_camera_front_left", "frame_id": "1775542419093817000", "timestamp": 1775542419.093817, "rgb_path": "/mnt/data/data/calder/output/dev_sessions/c391d83a-2958-40b6-a637-7f963e64f07f/nurec_run1/pycusfm_input/stereo_camera_front_left/1775542419093817000.jpeg", "gt_depth_path": "/mnt/data/data/calder/output/dev_sessions/c391d83a-2958-40b6-a637-7f963e64f07f/nurec_run1/depth/stereo_camera_front_left/1775542419093817000.png", "foundation_depth_path": null, "valid_mask_path": null, "confidence_path": null, "K": [[746.247802734375, 0.0, 945.3109741210938], [0.0, 746.247802734375, 544.086181640625], [0.0, 0.0, 1.0]], "world_T_cam": [[-0.04806195475957842, -0.05470434927623774, 0.9973452174021549, 0.11563060631538495], [-0.9985660978106754, -0.020935688284234977, -0.049269110599094446, 0.010674868474969096], [0.023575343218046496, -0.998283091676068, -0.05361969848686754, 0.4208357211726483], [0.0, 0.0, 0.0, 1.0]], "body_T_cam": [[-0.015507991007583155, -0.010666134427397278, 0.9998228522049721, 0.10241018892838313], [-0.9998472987259444, -0.00788998750282588, -0.015592540769150065, 0.05666027550426788], [0.008054901944845427, -0.9999119869636438, -0.01054214783983709, -0.006303469581055252], [0.0, 0.0, 0.0, 1.0]], "neighbors": []}
{"sample_id": "c391d83a_stereo_camera_right_left_1775542419093817000", "session_id": "c391d83a-2958-40b6-a637-7f963e64f07f", "rig_id": "right", "camera_id": "left", "camera_name": "stereo_camera_right_left", "frame_id": "1775542419093817000", "timestamp": 1775542419.093817, "rgb_path": "/mnt/data/data/calder/output/dev_sessions/c391d83a-2958-40b6-a637-7f963e64f07f/nurec_run1/pycusfm_input/stereo_camera_right_left/1775542419093817000.jpeg", "gt_depth_path": "/mnt/data/data/calder/output/dev_sessions/c391d83a-2958-40b6-a637-7f963e64f07f/nurec_run1/depth/stereo_camera_right_left/1775542419093817000.png", "foundation_depth_path": null, "valid_mask_path": null, "confidence_path": null, "K": [[740.7389526367188, 0.0, 964.3911743164062], [0.0, 740.7389526367188, 566.250244140625], [0.0, 0.0, 1.0]], "world_T_cam": [[-0.9970234341137704, -0.06205678870592109, -0.04575179563135061, 0.058923014861710844], [0.04682131532842369, -0.01589049173117818, -0.9987768803408786, -0.16071831395065517], [0.0612538672975064, -0.9979461144009981, 0.018748773107845063, 0.4319299991502927], [0.0, 0.0, 0.0, 1.0]], "body_T_cam": [[-0.9997501988092755, -0.01819139942696869, -0.012985105609984225, 0.05105758389689076], [0.013043503892861867, -0.0030952457713114834, -0.9999101391924238, -0.11665351394589274], [0.018149572639895903, -0.9998297317246091, 0.0033317521644747883, -2.8936383089372963e-06], [0.0, 0.0, 0.0, 1.0]], "neighbors": []}
{"sample_id": "c391d83a_stereo_camera_front_left_1775542419293848000", "session_id": "c391d83a-2958-40b6-a637-7f963e64f07f", "rig_id": "front", "camera_id": "left", "camera_name": "stereo_camera_front_left", "frame_id": "1775542419293848000", "timestamp": 1775542419.293848, "rgb_path": "/mnt/data/data/calder/output/dev_sessions/c391d83a-2958-40b6-a637-7f963e64f07f/nurec_run1/pycusfm_input/stereo_camera_front_left/1775542419293848000.jpeg", "gt_depth_path": "/mnt/data/data/calder/output/dev_sessions/c391d83a-2958-40b6-a637-7f963e64f07f/nurec_run1/depth/stereo_camera_front_left/1775542419293848000.png", "foundation_depth_path": null, "valid_mask_path": null, "confidence_path": null, "K": [[746.247802734375, 0.0, 945.3109741210938], [0.0, 746.247802734375, 544.086181640625], [0.0, 0.0, 1.0]], "world_T_cam": [[-0.06498273210169969, -0.08246425169193994, 0.9944731729521353, 0.13844301960726058], [-0.9973805991016155, -0.026358689468656826, -0.06735844434959987, -0.007687124102531466], [0.0317676732591784, -0.9962453847734423, -0.08053538510067937, 0.515196363814438], [0.0, 0.0, 0.0, 1.0]], "body_T_cam": [[-0.015507991007583155, -0.010666134427397278, 0.9998228522049721, 0.10241018892838313], [-0.9998472987259444, -0.00788998750282588, -0.015592540769150065, 0.05666027550426788], [0.008054901944845427, -0.9999119869636438, -0.01054214783983709, -0.006303469581055252], [0.0, 0.0, 0.0, 1.0]], "neighbors": []}
{"sample_id": "c391d83a_stereo_camera_right_left_1775542419293848000", "session_id": "c391d83a-2958-40b6-a637-7f963e64f07f", "rig_id": "right", "camera_id": "left", "camera_name": "stereo_camera_right_left", "frame_id": "1775542419293848000", "timestamp": 1775542419.293848, "rgb_path": "/mnt/data/data/calder/output/dev_sessions/c391d83a-2958-40b6-a637-7f963e64f07f/nurec_run1/pycusfm_input/stereo_camera_right_left/1775542419293848000.jpeg", "gt_depth_path": "/mnt/data/data/calder/output/dev_sessions/c391d83a-2958-40b6-a637-7f963e64f07f/nurec_run1/depth/stereo_camera_right_left/1775542419293848000.png", "foundation_depth_path": null, "valid_mask_path": null, "confidence_path": null, "K": [[740.7389526367188, 0.0, 964.3911743164062], [0.0, 740.7389526367188, 566.250244140625], [0.0, 0.0, 1.0]], "world_T_cam": [[-0.9939849990068287, -0.08971462716657404, -0.06281009012696573, 0.07905055091426022], [0.064954306126572, -0.02118135016663958, -0.9976634144443376, -0.177969004630175], [0.0881745987516275, -0.9957422538375486, 0.02688129568135933, 0.5290192701957195], [0.0, 0.0, 0.0, 1.0]], "body_T_cam": [[-0.9997501988092755, -0.01819139942696869, -0.012985105609984225, 0.05105758389689076], [0.013043503892861867, -0.0030952457713114834, -0.9999101391924238, -0.11665351394589274], [0.018149572639895903, -0.9998297317246091, 0.0033317521644747883, -2.8936383089372963e-06], [0.0, 0.0, 0.0, 1.0]], "neighbors": []}
{"sample_id": "c391d83a_stereo_camera_front_left_1775542419527242000", "session_id": "c391d83a-2958-40b6-a637-7f963e64f07f", "rig_id": "front", "camera_id": "left", "camera_name": "stereo_camera_front_left", "frame_id": "1775542419527242000", "timestamp": 1775542419.527242, "rgb_path": "/mnt/data/data/calder/output/dev_sessions/c391d83a-2958-40b6-a637-7f963e64f07f/nurec_run1/pycusfm_input/stereo_camera_front_left/1775542419527242000.jpeg", "gt_depth_path": "/mnt/data/data/calder/output/dev_sessions/c391d83a-2958-40b6-a637-7f963e64f07f/nurec_run1/depth/stereo_camera_front_left/1775542419527242000.png", "foundation_depth_path": null, "valid_mask_path": null, "confidence_path": null, "K": [[746.247802734375, 0.0, 945.3109741210938], [0.0, 746.247802734375, 544.086181640625], [0.0, 0.0, 1.0]], "world_T_cam": [[-0.06293382032900185, -0.08367833267007102, 0.994503529858167, 0.17491193253883475], [-0.9972773814251492, -0.033101818651255166, -0.06589456805972133, -0.017142592654148206], [0.03843382308065024, -0.995942872981948, -0.08136728457966946, 0.6135440459391073], [0.0, 0.0, 0.0, 1.0]], "body_T_cam": [[-0.015507991007583155, -0.010666134427397278, 0.9998228522049721, 0.10241018892838313], [-0.9998472987259444, -0.00788998750282588, -0.015592540769150065, 0.05666027550426788], [0.008054901944845427, -0.9999119869636438, -0.01054214783983709, -0.006303469581055252], [0.0, 0.0, 0.0, 1.0]], "neighbors": []}
{"sample_id": "c391d83a_stereo_camera_left_left_1775542419527242000", "session_id": "c391d83a-2958-40b6-a637-7f963e64f07f", "rig_id": "left", "camera_id": "left", "camera_name": "stereo_camera_left_left", "frame_id": "1775542419527242000", "timestamp": 1775542419.527242, "rgb_path": "/mnt/data/data/calder/output/dev_sessions/c391d83a-2958-40b6-a637-7f963e64f07f/nurec_run1/pycusfm_input/stereo_camera_left_left/1775542419527242000.jpeg", "gt_depth_path": "/mnt/data/data/calder/output/dev_sessions/c391d83a-2958-40b6-a637-7f963e64f07f/nurec_run1/depth/stereo_camera_left_left/1775542419527242000.png", "foundation_depth_path": null, "valid_mask_path": null, "confidence_path": null, "K": [[728.093017578125, 0.0, 962.624755859375], [0.0, 728.093017578125, 543.66845703125], [0.0, 0.0, 1.0]], "world_T_cam": [[0.9941532039055622, -0.08912643006755044, 0.06095807270345891, 0.004417865384252012], [-0.06405468914485055, -0.03230429623525274, 0.9974233951754399, 0.04708349233411864], [-0.08692757883929997, -0.9954963143619162, -0.037824385374758095, 0.6232108162084333], [0.0, 0.0, 0.0, 1.0]], "body_T_cam": [[0.9997783409161892, -0.016165284951463462, 0.013488980588251435, -0.07134020534259322], [-0.013609499625230564, -0.007368746315533623, 0.999880234376942, 0.11230428763698734], [-0.016063952030029353, -0.99984218011653, -0.007587114405465175, -0.007402459901940939], [0.0, 0.0, 0.0, 1.0]], "neighbors": []}
{"sample_id": "c391d83a_stereo_camera_front_left_1775542419793939000", "session_id": "c391d83a-2958-40b6-a637-7f963e64f07f", "rig_id": "front", "camera_id": "left", "camera_name": "stereo_camera_front_left", "frame_id": "1775542419793939000", "timestamp": 1775542419.793939, "rgb_path": "/mnt/data/data/calder/output/dev_sessions/c391d83a-2958-40b6-a637-7f963e64f07f/nurec_run1/pycusfm_input/stereo_camera_front_left/1775542419793939000.jpeg", "gt_depth_path": "/mnt/data/data/calder/output/dev_sessions/c391d83a-2958-40b6-a637-7f963e64f07f/nurec_run1/depth/stereo_camera_front_left/1775542419793939000.png", "foundation_depth_path": null, "valid_mask_path": null, "confidence_path": null, "K": [[746.247802734375, 0.0, 945.3109741210938], [0.0, 746.247802734375, 544.086181640625], [0.0, 0.0, 1.0]], "world_T_cam": [[-0.059113331741612374, -0.030276448857990468, 0.997792037778893, 0.23959461261236162], [-0.9974044304687986, -0.03937151932011973, -0.06028503585167183, -0.01974094453890802], [0.04110980529773889, -0.9987658484905135, -0.02787048254707991, 0.6993653628540349], [0.0, 0.0, 0.0, 1.0]], "body_T_cam": [[-0.015507991007583155, -0.010666134427397278, 0.9998228522049721, 0.10241018892838313], [-0.9998472987259444, -0.00788998750282588, -0.015592540769150065, 0.05666027550426788], [0.008054901944845427, -0.9999119869636438, -0.01054214783983709, -0.006303469581055252], [0.0, 0.0, 0.0, 1.0]], "neighbors": []}
{"sample_id": "c391d83a_stereo_camera_left_left_1775542419793939000", "session_id": "c391d83a-2958-40b6-a637-7f963e64f07f", "rig_id": "left", "camera_id": "left", "camera_name": "stereo_camera_left_left", "frame_id": "1775542419793939000", "timestamp": 1775542419.793939, "rgb_path": "/mnt/data/data/calder/output/dev_sessions/c391d83a-2958-40b6-a637-7f963e64f07f/nurec_run1/pycusfm_input/stereo_camera_left_left/1775542419793939000.jpeg", "gt_depth_path": "/mnt/data/data/calder/output/dev_sessions/c391d83a-2958-40b6-a637-7f963e64f07f/nurec_run1/depth/stereo_camera_left_left/1775542419793939000.png", "foundation_depth_path": null, "valid_mask_path": null, "confidence_path": null, "K": [[728.093017578125, 0.0, 962.624755859375], [0.0, 728.093017578125, 543.66845703125], [0.0, 0.0, 1.0]], "world_T_cam": [[0.9977279515164534, -0.03574513416734744, 0.057107093658665106, 0.06845836243209022], [-0.058479517914273, -0.038604737847241194, 0.9975418889451511, 0.043496823450610775], [-0.033452664277983005, -0.9986150207157432, -0.04060738422504515, 0.699544106275485], [0.0, 0.0, 0.0, 1.0]], "body_T_cam": [[0.9997783409161892, -0.016165284951463462, 0.013488980588251435, -0.07134020534259322], [-0.013609499625230564, -0.007368746315533623, 0.999880234376942, 0.11230428763698734], [-0.016063952030029353, -0.99984218011653, -0.007587114405465175, -0.007402459901940939], [0.0, 0.0, 0.0, 1.0]], "neighbors": []}
{"sample_id": "c391d83a_stereo_camera_right_left_1775542419793939000", "session_id": "c391d83a-2958-40b6-a637-7f963e64f07f", "rig_id": "right", "camera_id": "left", "camera_name": "stereo_camera_right_left", "frame_id": "1775542419793939000", "timestamp": 1775542419.793939, "rgb_path": "/mnt/data/data/calder/output/dev_sessions/c391d83a-2958-40b6-a637-7f963e64f07f/nurec_run1/pycusfm_input/stereo_camera_right_left/1775542419793939000.jpeg", "gt_depth_path": "/mnt/data/data/calder/output/dev_sessions/c391d83a-2958-40b6-a637-7f963e64f07f/nurec_run1/depth/stereo_camera_right_left/1775542419793939000.png", "foundation_depth_path": null, "valid_mask_path": null, "confidence_path": null, "K": [[740.7389526367188, 0.0, 964.3911743164062], [0.0, 740.7389526367188, 566.250244140625], [0.0, 0.0, 1.0]], "world_T_cam": [[-0.9976844156172264, -0.03758157310374271, -0.05668714314164495, 0.18083371965295558], [0.05797979691898549, -0.03424730528918418, -0.9977301565201196, -0.19031444393738967], [0.035554886917925944, -0.9987065371987295, 0.03634697474035531, 0.7122609309250733], [0.0, 0.0, 0.0, 1.0]], "body_T_cam": [[-0.9997501988092755, -0.01819139942696869, -0.012985105609984225, 0.05105758389689076], [0.013043503892861867, -0.0030952457713114834, -0.9999101391924238, -0.11665351394589274], [0.018149572639895903, -0.9998297317246091, 0.0033317521644747883, -2.8936383089372963e-06], [0.0, 0.0, 0.0, 1.0]], "neighbors": []}
{"sample_id": "c391d83a_stereo_camera_front_left_1775542419993934000", "session_id": "c391d83a-2958-40b6-a637-7f963e64f07f", "rig_id": "front", "camera_id": "left", "camera_name": "stereo_camera_front_left", "frame_id": "1775542419993934000", "timestamp": 1775542419.993934, "rgb_path": "/mnt/data/data/calder/output/dev_sessions/c391d83a-2958-40b6-a637-7f963e64f07f/nurec_run1/pycusfm_input/stereo_camera_front_left/1775542419993934000.jpeg", "gt_depth_path": "/mnt/data/data/calder/output/dev_sessions/c391d83a-2958-40b6-a637-7f963e64f07f/nurec_run1/depth/stereo_camera_front_left/1775542419993934000.png", "foundation_depth_path": null, "valid_mask_path": null, "confidence_path": null, "K": [[746.247802734375, 0.0, 945.3109741210938], [0.0, 746.247802734375, 544.086181640625], [0.0, 0.0, 1.0]], "world_T_cam": [[-0.06657194500300245, 0.021953491466020825, 0.9975400845835561, 0.3050925909813871], [-0.9970459172166501, -0.03984899986879398, -0.06566198421511099, -0.020853755628496326], [0.038309464889578426, -0.9989645145959432, 0.02454146446253669, 0.7334939295993288], [0.0, 0.0, 0.0, 1.0]], "body_T_cam": [[-0.015507991007583155, -0.010666134427397278, 0.9998228522049721, 0.10241018892838313], [-0.9998472987259444, -0.00788998750282588, -0.015592540769150065, 0.05666027550426788], [0.008054901944845427, -0.9999119869636438, -0.01054214783983709, -0.006303469581055252], [0.0, 0.0, 0.0, 1.0]], "neighbors": []}
{"sample_id": "c391d83a_stereo_camera_left_left_1775542419993934000", "session_id": "c391d83a-2958-40b6-a637-7f963e64f07f", "rig_id": "left", "camera_id": "left", "camera_name": "stereo_camera_left_left", "frame_id": "1775542419993934000", "timestamp": 1775542419.993934, "rgb_path": "/mnt/data/data/calder/output/dev_sessions/c391d83a-2958-40b6-a637-7f963e64f07f/nurec_run1/pycusfm_input/stereo_camera_left_left/1775542419993934000.jpeg", "gt_depth_path": "/mnt/data/data/calder/output/dev_sessions/c391d83a-2958-40b6-a637-7f963e64f07f/nurec_run1/depth/stereo_camera_left_left/1775542419993934000.png", "foundation_depth_path": null, "valid_mask_path": null, "confidence_path": null, "K": [[728.093017578125, 0.0, 962.624755859375], [0.0, 728.093017578125, 543.66845703125], [0.0, 0.0, 1.0]], "world_T_cam": [[0.9977787034472689, 0.016488643589139946, 0.06454288171190992, 0.1345265176205191], [-0.06385972934193762, -0.03905275610931456, 0.9971944731137659, 0.04330251349106534], [0.01896296167432064, -0.9991010994253069, -0.03791304803997613, 0.7246706010785984], [0.0, 0.0, 0.0, 1.0]], "body_T_cam": [[0.9997783409161892, -0.016165284951463462, 0.013488980588251435, -0.07134020534259322], [-0.013609499625230564, -0.007368746315533623, 0.999880234376942, 0.11230428763698734], [-0.016063952030029353, -0.99984218011653, -0.007587114405465175, -0.007402459901940939], [0.0, 0.0, 0.0, 1.0]], "neighbors": []}
{"sample_id": "c391d83a_stereo_camera_right_left_1775542419993934000", "session_id": "c391d83a-2958-40b6-a637-7f963e64f07f", "rig_id": "right", "camera_id": "left", "camera_name": "stereo_camera_right_left", "frame_id": "1775542419993934000", "timestamp": 1775542419.993934, "rgb_path": "/mnt/data/data/calder/output/dev_sessions/c391d83a-2958-40b6-a637-7f963e64f07f/nurec_run1/pycusfm_input/stereo_camera_right_left/1775542419993934000.jpeg", "gt_depth_path": "/mnt/data/data/calder/output/dev_sessions/c391d83a-2958-40b6-a637-7f963e64f07f/nurec_run1/depth/stereo_camera_right_left/1775542419993934000.png", "foundation_depth_path": null, "valid_mask_path": null, "confidence_path": null, "K": [[740.7389526367188, 0.0, 964.3911743164062], [0.0, 740.7389526367188, 566.250244140625], [0.0, 0.0, 1.0]], "world_T_cam": [[-0.9978482189525065, 0.01468308381371048, -0.06390100924891606, 0.2448161483777097], [0.06336113034311161, -0.034685581018722655, -0.997387726829961, -0.19110083398187971], [-0.016861171221291923, -0.9992904069984426, 0.03368060845550591, 0.7433498767120065], [0.0, 0.0, 0.0, 1.0]], "body_T_cam": [[-0.9997501988092755, -0.01819139942696869, -0.012985105609984225, 0.05105758389689076], [0.013043503892861867, -0.0030952457713114834, -0.9999101391924238, -0.11665351394589274], [0.018149572639895903, -0.9998297317246091, 0.0033317521644747883, -2.8936383089372963e-06], [0.0, 0.0, 0.0, 1.0]], "neighbors": []}
{"sample_id": "c391d83a_stereo_camera_left_left_1775542420293993000", "session_id": "c391d83a-2958-40b6-a637-7f963e64f07f", "rig_id": "left", "camera_id": "left", "camera_name": "stereo_camera_left_left", "frame_id": "1775542420293993000", "timestamp": 1775542420.293993, "rgb_path": "/mnt/data/data/calder/output/dev_sessions/c391d83a-2958-40b6-a637-7f963e64f07f/nurec_run1/pycusfm_input/stereo_camera_left_left/1775542420293993000.jpeg", "gt_depth_path": "/mnt/data/data/calder/output/dev_sessions/c391d83a-2958-40b6-a637-7f963e64f07f/nurec_run1/depth/stereo_camera_left_left/1775542420293993000.png", "foundation_depth_path": null, "valid_mask_path": null, "confidence_path": null, "K": [[728.093017578125, 0.0, 962.624755859375], [0.0, 728.093017578125, 543.66845703125], [0.0, 0.0, 1.0]], "world_T_cam": [[0.9937701844632868, 0.005045362423292413, 0.11133447260315336, 0.2488133057585559], [-0.1108823689669001, -0.05582373794284176, 0.9922644861801602, 0.04269593752748216], [0.01122144037514386, -0.9984278915375444, -0.0549165246150968, 0.7324339998247814], [0.0, 0.0, 0.0, 1.0]], "body_T_cam": [[0.9997783409161892, -0.016165284951463462, 0.013488980588251435, -0.07134020534259322], [-0.013609499625230564, -0.007368746315533623, 0.999880234376942, 0.11230428763698734], [-0.016063952030029353, -0.99984218011653, -0.007587114405465175, -0.007402459901940939], [0.0, 0.0, 0.0, 1.0]], "neighbors": []}
{"sample_id": "c391d83a_stereo_camera_right_left_1775542420293993000", "session_id": "c391d83a-2958-40b6-a637-7f963e64f07f", "rig_id": "right", "camera_id": "left", "camera_name": "stereo_camera_right_left", "frame_id": "1775542420293993000", "timestamp": 1775542420.293993, "rgb_path": "/mnt/data/data/calder/output/dev_sessions/c391d83a-2958-40b6-a637-7f963e64f07f/nurec_run1/pycusfm_input/stereo_camera_right_left/1775542420293993000.jpeg", "gt_depth_path": "/mnt/data/data/calder/output/dev_sessions/c391d83a-2958-40b6-a637-7f963e64f07f/nurec_run1/depth/stereo_camera_right_left/1775542420293993000.png", "foundation_depth_path": null, "valid_mask_path": null, "confidence_path": null, "K": [[740.7389526367188, 0.0, 964.3911743164062], [0.0, 740.7389526367188, 566.250244140625], [0.0, 0.0, 1.0]], "world_T_cam": [[-0.9938430926034614, 0.003446941182632536, -0.11074306245030052, 0.3480510048612063], [0.11042143637328186, -0.05137930947798597, -0.9925559293797133, -0.1963528069437082], [-0.009111183987218961, -0.9986732624607753, 0.05068235563095114, 0.7540030549924948], [0.0, 0.0, 0.0, 1.0]], "body_T_cam": [[-0.9997501988092755, -0.01819139942696869, -0.012985105609984225, 0.05105758389689076], [0.013043503892861867, -0.0030952457713114834, -0.9999101391924238, -0.11665351394589274], [0.018149572639895903, -0.9998297317246091, 0.0033317521644747883, -2.8936383089372963e-06], [0.0, 0.0, 0.0, 1.0]], "neighbors": []}
{"sample_id": "c391d83a_stereo_camera_front_left_1775542420627353000", "session_id": "c391d83a-2958-40b6-a637-7f963e64f07f", "rig_id": "front", "camera_id": "left", "camera_name": "stereo_camera_front_left", "frame_id": "1775542420627353000", "timestamp": 1775542420.627353, "rgb_path": "/mnt/data/data/calder/output/dev_sessions/c391d83a-2958-40b6-a637-7f963e64f07f/nurec_run1/pycusfm_input/stereo_camera_front_left/1775542420627353000.jpeg", "gt_depth_path": "/mnt/data/data/calder/output/dev_sessions/c391d83a-2958-40b6-a637-7f963e64f07f/nurec_run1/depth/stereo_camera_front_left/1775542420627353000.png", "foundation_depth_path": null, "valid_mask_path": null, "confidence_path": null, "K": [[746.247802734375, 0.0, 945.3109741210938], [0.0, 746.247802734375, 544.086181640625], [0.0, 0.0, 1.0]], "world_T_cam": [[-0.13104283187098542, 0.03948752335989825, 0.9905899816342454, 0.5210100792466555], [-0.9901344842556309, -0.05521816143900249, -0.12878143396907976, -0.04173513218852734], [0.049613297643563425, -0.9976931843739327, 0.04633390282216154, 0.755182896141888], [0.0, 0.0, 0.0, 1.0]], "body_T_cam": [[-0.015507991007583155, -0.010666134427397278, 0.9998228522049721, 0.10241018892838313], [-0.9998472987259444, -0.00788998750282588, -0.015592540769150065, 0.05666027550426788], [0.008054901944845427, -0.9999119869636438, -0.01054214783983709, -0.006303469581055252], [0.0, 0.0, 0.0, 1.0]], "neighbors": []}
{"sample_id": "c391d83a_stereo_camera_left_left_1775542420627353000", "session_id": "c391d83a-2958-40b6-a637-7f963e64f07f", "rig_id": "left", "camera_id": "left", "camera_name": "stereo_camera_left_left", "frame_id": "1775542420627353000", "timestamp": 1775542420.627353, "rgb_path": "/mnt/data/data/calder/output/dev_sessions/c391d83a-2958-40b6-a637-7f963e64f07f/nurec_run1/pycusfm_input/stereo_camera_left_left/1775542420627353000.jpeg", "gt_depth_path": "/mnt/data/data/calder/output/dev_sessions/c391d83a-2958-40b6-a637-7f963e64f07f/nurec_run1/depth/stereo_camera_left_left/1775542420627353000.png", "foundation_depth_path": null, "valid_mask_path": null, "confidence_path": null, "K": [[728.093017578125, 0.0, 962.624755859375], [0.0, 728.093017578125, 543.66845703125], [0.0, 0.0, 1.0]], "world_T_cam": [[0.9910559169846122, 0.034088747802886336, 0.12901986933422815, 0.35511511327227563], [-0.1270767237159177, -0.05407709052348747, 0.9904176768263695, 0.03303567287870236], [0.04073911755817029, -0.9979547211941762, -0.049261534150245756, 0.7419597970637963], [0.0, 0.0, 0.0, 1.0]], "body_T_cam": [[0.9997783409161892, -0.016165284951463462, 0.013488980588251435, -0.07134020534259322], [-0.013609499625230564, -0.007368746315533623, 0.999880234376942, 0.11230428763698734], [-0.016063952030029353, -0.99984218011653, -0.007587114405465175, -0.007402459901940939], [0.0, 0.0, 0.0, 1.0]], "neighbors": []}
{"sample_id": "c391d83a_stereo_camera_right_left_1775542420627353000", "session_id": "c391d83a-2958-40b6-a637-7f963e64f07f", "rig_id": "right", "camera_id": "left", "camera_name": "stereo_camera_right_left", "frame_id": "1775542420627353000", "timestamp": 1775542420.627353, "rgb_path": "/mnt/data/data/calder/output/dev_sessions/c391d83a-2958-40b6-a637-7f963e64f07f/nurec_run1/pycusfm_input/stereo_camera_right_left/1775542420627353000.jpeg", "gt_depth_path": "/mnt/data/data/calder/output/dev_sessions/c391d83a-2958-40b6-a637-7f963e64f07f/nurec_run1/depth/stereo_camera_right_left/1775542420627353000.png", "foundation_depth_path": null, "valid_mask_path": null, "confidence_path": null, "K": [[740.7389526367188, 0.0, 964.3911743164062], [0.0, 740.7389526367188, 566.250244140625], [0.0, 0.0, 1.0]], "world_T_cam": [[-0.9911995692668982, 0.0325707428270244, -0.12830651034460866, 0.4497686725216056], [0.12661319120548423, -0.04960677289168891, -0.9907109911048914, -0.20763690826311904], [-0.03863306482637404, -0.9982376043783207, 0.04504632623370064, 0.7659401995882638], [0.0, 0.0, 0.0, 1.0]], "body_T_cam": [[-0.9997501988092755, -0.01819139942696869, -0.012985105609984225, 0.05105758389689076], [0.013043503892861867, -0.0030952457713114834, -0.9999101391924238, -0.11665351394589274], [0.018149572639895903, -0.9998297317246091, 0.0033317521644747883, -2.8936383089372963e-06], [0.0, 0.0, 0.0, 1.0]], "neighbors": []}
{"sample_id": "c391d83a_stereo_camera_front_left_1775542420960744000", "session_id": "c391d83a-2958-40b6-a637-7f963e64f07f", "rig_id": "front", "camera_id": "left", "camera_name": "stereo_camera_front_left", "frame_id": "1775542420960744000", "timestamp": 1775542420.960744, "rgb_path": "/mnt/data/data/calder/output/dev_sessions/c391d83a-2958-40b6-a637-7f963e64f07f/nurec_run1/pycusfm_input/stereo_camera_front_left/1775542420960744000.jpeg", "gt_depth_path": "/mnt/data/data/calder/output/dev_sessions/c391d83a-2958-40b6-a637-7f963e64f07f/nurec_run1/depth/stereo_camera_front_left/1775542420960744000.png", "foundation_depth_path": null, "valid_mask_path": null, "confidence_path": null, "K": [[746.247802734375, 0.0, 945.3109741210938], [0.0, 746.247802734375, 544.086181640625], [0.0, 0.0, 1.0]], "world_T_cam": [[-0.1546680612882827, 0.07663547728216158, 0.9849897433166802, 0.6216193570441413], [-0.9868772426590569, -0.058787609532833685, -0.15039057446220627, -0.08104660580948002], [0.04637993897129766, -0.995324580519918, 0.08472237410429662, 0.7708893722258338], [0.0, 0.0, 0.0, 1.0]], "body_T_cam": [[-0.015507991007583155, -0.010666134427397278, 0.9998228522049721, 0.10241018892838313], [-0.9998472987259444, -0.00788998750282588, -0.015592540769150065, 0.05666027550426788], [0.008054901944845427, -0.9999119869636438, -0.01054214783983709, -0.006303469581055252], [0.0, 0.0, 0.0, 1.0]], "neighbors": []}
{"sample_id": "c391d83a_stereo_camera_left_left_1775542420960744000", "session_id": "c391d83a-2958-40b6-a637-7f963e64f07f", "rig_id": "left", "camera_id": "left", "camera_name": "stereo_camera_left_left", "frame_id": "1775542420960744000", "timestamp": 1775542420.960744, "rgb_path": "/mnt/data/data/calder/output/dev_sessions/c391d83a-2958-40b6-a637-7f963e64f07f/nurec_run1/pycusfm_input/stereo_camera_left_left/1775542420960744000.jpeg", "gt_depth_path": "/mnt/data/data/calder/output/dev_sessions/c391d83a-2958-40b6-a637-7f963e64f07f/nurec_run1/depth/stereo_camera_left_left/1775542420960744000.png", "foundation_depth_path": null, "valid_mask_path": null, "confidence_path": null, "K": [[728.093017578125, 0.0, 962.624755859375], [0.0, 728.093017578125, 543.66845703125], [0.0, 0.0, 1.0]], "world_T_cam": [[0.9857081942810221, 0.07127726013411471, 0.1526397979395313, 0.45804636550217986], [-0.14871174705315204, -0.05752889969445458, 0.9872057748961686, -0.002684811622186284], [0.07914652244821963, -0.995796152778127, -0.04610694195708867, 0.7511417388224862], [0.0, 0.0, 0.0, 1.0]], "body_T_cam": [[0.9997783409161892, -0.016165284951463462, 0.013488980588251435, -0.07134020534259322], [-0.013609499625230564, -0.007368746315533623, 0.999880234376942, 0.11230428763698734], [-0.016063952030029353, -0.99984218011653, -0.007587114405465175, -0.007402459901940939], [0.0, 0.0, 0.0, 1.0]], "neighbors": []}
{"sample_id": "c391d83a_stereo_camera_right_left_1775542420960744000", "session_id": "c391d83a-2958-40b6-a637-7f963e64f07f", "rig_id": "right", "camera_id": "left", "camera_name": "stereo_camera_right_left", "frame_id": "1775542420960744000", "timestamp": 1775542420.960744, "rgb_path": "/mnt/data/data/calder/output/dev_sessions/c391d83a-2958-40b6-a637-7f963e64f07f/nurec_run1/pycusfm_input/stereo_camera_right_left/1775542420960744000.jpeg", "gt_depth_path": "/mnt/data/data/calder/output/dev_sessions/c391d83a-2958-40b6-a637-7f963e64f07f/nurec_run1/depth/stereo_camera_right_left/1775542420960744000.png", "foundation_depth_path": null, "valid_mask_path": null, "confidence_path": null, "K": [[740.7389526367188, 0.0, 964.3911743164062], [0.0, 740.7389526367188, 566.250244140625], [0.0, 0.0, 1.0]], "world_T_cam": [[-0.9859430017258928, 0.06987026395072801, -0.15177135290690327, 0.546373869755558], [0.14825721652712137, -0.05302709185158072, -0.9875261643507955, -0.24531300463495326], [-0.07704670723247314, -0.9961457090934136, 0.041922919261592195, 0.7792034430650562], [0.0, 0.0, 0.0, 1.0]], "body_T_cam": [[-0.9997501988092755, -0.01819139942696869, -0.012985105609984225, 0.05105758389689076], [0.013043503892861867, -0.0030952457713114834, -0.9999101391924238, -0.11665351394589274], [0.018149572639895903, -0.9998297317246091, 0.0033317521644747883, -2.8936383089372963e-06], [0.0, 0.0, 0.0, 1.0]], "neighbors": []}
